PRES	MOLEFRAC METHA-01	TOTAL TEMP	TOTAL KVL METHA-01	TOTAL KVL ETHAN-01	LIQUID1 GAMMA METHA-01	LIQUID1 GAMMA ETHAN-01	LIQUID2 GAMMA METHA-01	LIQUID2 GAMMA ETHAN-01	TOTAL KVL2 METHA-01	TOTAL KVL2 ETHAN-01	TOTAL BETA	VAPOR MOLEFRAC METHA-01	VAPOR MOLEFRAC ETHAN-01	LIQUID1 MOLEFRAC METHA-01	LIQUID1 MOLEFRAC ETHAN-01	LIQUID2 MOLEFRAC METHA-01	LIQUID2 MOLEFRAC ETHAN-01	LIQUID GAMMA METHA-01
bar		K															
1	0	351.1682	1.881625	1	1.126593	1					1	0	1	0	1			1.126593
1	0.002	351.12296	1.878206	0.9982401	1.126336	1					1	0.00375641	0.9962436	0.002	0.998			1.126336
1	0.004	351.07781	1.874797	0.9964869	1.126079	1.000001					1	0.00749918	0.9925008	0.004	0.996			1.126079
1	0.006	351.03276	1.8714	0.9947402	1.125821	1.000002					1	0.0112283	0.9887716	0.006	0.994			1.125821
1	0.008	350.9878	1.868013	0.9930001	1.125563	1.000004					1	0.014944	0.9850559	0.008	0.992			1.125563
1	0.01	350.94294	1.864637	0.9912665	1.125305	1.000006					1	0.0186463	0.9813537	0.01	0.99			1.125305
1	0.012	350.89817	1.861271	0.9895395	1.125046	1.000008					1	0.0223351	0.9776648	0.012	0.988			1.125046
1	0.014	350.85349	1.857915	0.9878186	1.124787	1.000011					1	0.0260108	0.9739892	0.014	0.986			1.124787
1	0.016	350.80891	1.854571	0.9861045	1.124527	1.000015					1	0.0296731	0.9703269	0.016	0.984			1.124527
1	0.018	350.76442	1.851237	0.9843969	1.124267	1.000018					1	0.0333222	0.9666777	0.018	0.982			1.124267
1	0.02	350.72003	1.847913	0.9826957	1.124007	1.000023					1	0.0369582	0.9630417	0.02	0.98			1.124007
1	0.022	350.67573	1.8446	0.9810008	1.123747	1.000028					1	0.0405811	0.9594188	0.022	0.978			1.123747
1	0.024	350.63153	1.841297	0.9793124	1.123485	1.000033					1	0.0441911	0.9558089	0.024	0.976			1.123485
1	0.026	350.58741	1.838004	0.9776303	1.123224	1.000039					1	0.0477881	0.9522119	0.026	0.974			1.123224
1	0.028	350.54339	1.834722	0.9759545	1.122962	1.000045					1	0.0513722	0.9486278	0.028	0.972			1.122962
1	0.03	350.49947	1.83145	0.9742851	1.1227	1.000052					1	0.0549434	0.9450565	0.03	0.97			1.1227
1	0.032	350.45563	1.828188	0.9726219	1.122438	1.000059					1	0.058502	0.941498	0.032	0.968			1.122438
1	0.034	350.41189	1.824936	0.970965	1.122175	1.000067					1	0.0620478	0.9379522	0.034	0.966			1.122175
1	0.036	350.36824	1.821695	0.9693143	1.121911	1.000075					1	0.065581	0.934419	0.036	0.964			1.121911
1	0.038	350.32468	1.818463	0.9676699	1.121648	1.000084					1	0.0691016	0.9308984	0.038	0.962			1.121648
1	0.04	350.28122	1.815242	0.9660316	1.121384	1.000094					1	0.0726096	0.9273903	0.04	0.96			1.121384
1	0.042	350.23784	1.81203	0.9643995	1.121119	1.000103					1	0.0761052	0.9238947	0.042	0.958			1.121119
1	0.044	350.1946	1.808829	0.9627736	1.120854	1.000114					1	0.0795884	0.9204115	0.044	0.956			1.120854
1	0.046	350.1514	1.805637	0.9611538	1.120589	1.000125					1	0.0830593	0.9169407	0.046	0.954			1.120589
1	0.048	350.1083	1.802455	0.9595401	1.120324	1.000136					1	0.0865178	0.9134822	0.048	0.952			1.120324
1	0.05	350.0653	1.799283	0.9579325	1.120058	1.000148					1	0.0899641	0.9100358	0.05	0.95			1.120058
1	0.052	350.0223	1.796121	0.9563309	1.119791	1.000161					1	0.0933983	0.9066017	0.052	0.948			1.119791
1	0.054	349.9795	1.792969	0.9547354	1.119525	1.000174					1	0.0968203	0.9031797	0.054	0.946			1.119525
1	0.056	349.9368	1.789826	0.9531459	1.119258	1.000187					1	0.1002303	0.8997697	0.056	0.944			1.119258
1	0.058	349.8941	1.786693	0.9515624	1.11899	1.000202					1	0.1036282	0.8963718	0.058	0.942			1.11899
1	0.06	349.8516	1.78357	0.9499849	1.118722	1.000216					1	0.1070142	0.8929858	0.06	0.94			1.118722
1	0.062	349.8091	1.780456	0.9484133	1.118454	1.000232					1	0.1103883	0.8896117	0.062	0.938			1.118454
1	0.064	349.7667	1.777352	0.9468477	1.118186	1.000247					1	0.1137505	0.8862495	0.064	0.936			1.118186
1	0.066	349.7244	1.774257	0.945288	1.117917	1.000264					1	0.117101	0.882899	0.066	0.934			1.117917
1	0.068	349.6822	1.771172	0.9437342	1.117648	1.000281					1	0.1204397	0.8795603	0.068	0.932			1.117648
1	0.07	349.6401	1.768097	0.9421863	1.117378	1.000298					1	0.1237668	0.8762332	0.07	0.93			1.117378
1	0.072	349.5981	1.76503	0.9406442	1.117108	1.000316					1	0.1270822	0.8729178	0.072	0.928			1.117108
1	0.074	349.5561	1.761974	0.9391079	1.116838	1.000335					1	0.130386	0.869614	0.074	0.926			1.116838
1	0.076	349.5143	1.758926	0.9375775	1.116567	1.000354					1	0.1336784	0.8663216	0.076	0.924			1.116567
1	0.078	349.4725	1.755888	0.9360529	1.116296	1.000374					1	0.1369592	0.8630408	0.078	0.922			1.116296
1	0.08	349.4309	1.752859	0.934534	1.116024	1.000395					1	0.1402287	0.8597713	0.08	0.92			1.116024
1	0.082	349.3893	1.749839	0.9330209	1.115753	1.000416					1	0.1434868	0.8565132	0.082	0.918			1.115753
1	0.084	349.3478	1.746829	0.9315135	1.11548	1.000438					1	0.1467336	0.8532664	0.084	0.916			1.11548
1	0.086	349.3064	1.743827	0.9300119	1.115208	1.00046					1	0.1499692	0.8500308	0.086	0.914			1.115208
1	0.088	349.2651	1.740835	0.9285159	1.114935	1.000483					1	0.1531935	0.8468065	0.088	0.912			1.114935
1	0.09	349.2238	1.737852	0.9270256	1.114662	1.000506					1	0.1564067	0.8435933	0.09	0.91			1.114662
1	0.092	349.1827	1.734878	0.925541	1.114388	1.000531					1	0.1596088	0.8403912	0.092	0.908			1.114388
1	0.094	349.1416	1.731913	0.924062	1.114114	1.000555					1	0.1627998	0.8372002	0.094	0.906			1.114114
1	0.096	349.1006	1.728957	0.9225886	1.11384	1.000581					1	0.1659799	0.8340201	0.096	0.904			1.11384
1	0.098	349.0598	1.72601	0.9211209	1.113565	1.000607					1	0.169149	0.830851	0.098	0.902			1.113565
1	0.1	349.019	1.723072	0.9196587	1.11329	1.000634					1	0.1723072	0.8276928	0.1	0.9			1.11329
1	0.102	348.9782	1.720143	0.9182021	1.113015	1.000661					1	0.1754546	0.8245454	0.102	0.898			1.113015
1	0.104	348.9376	1.717222	0.916751	1.112739	1.000689					1	0.1785911	0.8214089	0.104	0.896			1.112739
1	0.106	348.8971	1.714311	0.9153054	1.112463	1.000718					1	0.1817169	0.8182831	0.106	0.894			1.112463
1	0.108	348.8566	1.711408	0.9138654	1.112187	1.000747					1	0.1848321	0.8151679	0.108	0.892			1.112187
1	0.11	348.8162	1.708514	0.9124309	1.11191	1.000777					1	0.1879365	0.8120635	0.11	0.89			1.11191
1	0.112	348.7759	1.705629	0.9110018	1.111633	1.000808					1	0.1910304	0.8089696	0.112	0.888			1.111633
1	0.114	348.7357	1.702752	0.9095782	1.111355	1.000839					1	0.1941137	0.8058863	0.114	0.886			1.111355
1	0.116	348.6956	1.699884	0.90816	1.111077	1.000871					1	0.1971866	0.8028134	0.116	0.884			1.111077
1	0.118	348.6556	1.697025	0.9067472	1.110799	1.000904					1	0.2002489	0.7997511	0.118	0.882			1.110799
1	0.12	348.6156	1.694174	0.9053399	1.110521	1.000937					1	0.2033009	0.7966991	0.12	0.88			1.110521
1	0.122	348.5758	1.691332	0.9039379	1.110242	1.000971					1	0.2063425	0.7936575	0.122	0.878			1.110242
1	0.124	348.536	1.688498	0.9025413	1.109962	1.001006					1	0.2093738	0.7906262	0.124	0.876			1.109962
1	0.126	348.4963	1.685673	0.9011501	1.109683	1.001042					1	0.2123948	0.7876052	0.126	0.874			1.109683
1	0.128	348.4567	1.682857	0.8997642	1.109403	1.001078					1	0.2154056	0.7845944	0.128	0.872			1.109403
1	0.13	348.4171	1.680048	0.8983836	1.109123	1.001115					1	0.2184063	0.7815937	0.13	0.87			1.109123
1	0.132	348.3777	1.677249	0.8970083	1.108842	1.001153					1	0.2213968	0.7786032	0.132	0.868			1.108842
1	0.134	348.3383	1.674457	0.8956383	1.108561	1.001191					1	0.2243772	0.7756228	0.134	0.866			1.108561
1	0.136	348.2991	1.671674	0.8942735	1.10828	1.00123					1	0.2273477	0.7726523	0.136	0.864			1.10828
1	0.138	348.2599	1.668899	0.8929141	1.107998	1.00127					1	0.2303081	0.7696919	0.138	0.862			1.107998
1	0.14	348.2207	1.666133	0.8915598	1.107716	1.001311					1	0.2332586	0.7667414	0.14	0.86			1.107716
1	0.142	348.1817	1.663374	0.8902108	1.107434	1.001352					1	0.2361991	0.7638009	0.142	0.858			1.107434
1	0.144	348.1428	1.660624	0.888867	1.107151	1.001394					1	0.2391299	0.7608701	0.144	0.856			1.107151
1	0.146	348.1039	1.657882	0.8875283	1.106869	1.001437					1	0.2420508	0.7579492	0.146	0.854			1.106869
1	0.148	348.0651	1.655149	0.8861948	1.106585	1.00148					1	0.244962	0.755038	0.148	0.852			1.106585
1	0.15	348.0264	1.652423	0.8848665	1.106302	1.001525					1	0.2478635	0.7521365	0.15	0.85			1.106302
1	0.152	347.9878	1.649706	0.8835433	1.106018	1.00157					1	0.2507552	0.7492448	0.152	0.848			1.106018
1	0.154	347.9492	1.646996	0.8822253	1.105733	1.001616					1	0.2536374	0.7463626	0.154	0.846			1.105733
1	0.156	347.9108	1.644295	0.8809124	1.105449	1.001663					1	0.25651	0.74349	0.156	0.844			1.105449
1	0.158	347.8724	1.641601	0.8796045	1.105164	1.00171					1	0.259373	0.740627	0.158	0.842			1.105164
1	0.16	347.8341	1.638916	0.8783017	1.104879	1.001759					1	0.2622265	0.7377735	0.16	0.84			1.104879
1	0.162	347.79589	1.636238	0.877004	1.104593	1.001808					1	0.2650706	0.7349294	0.162	0.838			1.104593
1	0.164	347.75775	1.633569	0.8757114	1.104307	1.001858					1	0.2679053	0.7320947	0.164	0.836			1.104307
1	0.166	347.7197	1.630907	0.8744237	1.104021	1.001908					1	0.2707306	0.7292694	0.166	0.834			1.104021
1	0.168	347.68172	1.628254	0.8731411	1.103735	1.00196					1	0.2735466	0.7264534	0.168	0.832			1.103735
1	0.17	347.64383	1.625608	0.8718635	1.103448	1.002012					1	0.2763533	0.7236467	0.17	0.83			1.103448
1	0.172	347.60602	1.622969	0.8705909	1.103161	1.002065					1	0.2791507	0.7208493	0.172	0.828			1.103161
1	0.174	347.56828	1.620339	0.8693232	1.102873	1.00212					1	0.281939	0.718061	0.174	0.826			1.102873
1	0.176	347.53063	1.617717	0.8680605	1.102585	1.002174					1	0.2847181	0.7152819	0.176	0.824			1.102585
1	0.178	347.49306	1.615102	0.8668028	1.102297	1.00223					1	0.2874881	0.7125119	0.178	0.822			1.102297
1	0.18	347.45556	1.612495	0.86555	1.102009	1.002287					1	0.290249	0.709751	0.18	0.82			1.102009
1	0.182	347.41815	1.609895	0.8643021	1.10172	1.002344					1	0.2930009	0.7069991	0.182	0.818			1.10172
1	0.184	347.38081	1.607303	0.8630591	1.101431	1.002403					1	0.2957438	0.7042562	0.184	0.816			1.101431
1	0.186	347.34355	1.604719	0.861821	1.101142	1.002462					1	0.2984777	0.7015223	0.186	0.814			1.101142
1	0.188	347.30637	1.602142	0.8605878	1.100852	1.002522					1	0.3012027	0.6987973	0.188	0.812			1.100852
1	0.19	347.26928	1.599573	0.8593594	1.100562	1.002583					1	0.3039189	0.6960811	0.19	0.81			1.100562
1	0.192	347.23225	1.597012	0.8581359	1.100272	1.002645					1	0.3066262	0.6933738	0.192	0.808			1.100272
1	0.194	347.1953	1.594458	0.8569172	1.099981	1.002707					1	0.3093248	0.6906752	0.194	0.806			1.099981
1	0.196	347.1584	1.591911	0.8557033	1.09969	1.002771					1	0.3120146	0.6879854	0.196	0.804			1.09969
1	0.198	347.1217	1.589372	0.8544942	1.099399	1.002835					1	0.3146956	0.6853044	0.198	0.802			1.099399
1	0.2	347.085	1.58684	0.8532899	1.099108	1.002901					1	0.317368	0.682632	0.2	0.8			1.099108
1	0.202	347.0483	1.584316	0.8520904	1.098816	1.002967					1	0.3200318	0.6799682	0.202	0.798			1.098816
1	0.204	347.0118	1.581799	0.8508957	1.098524	1.003035					1	0.322687	0.677313	0.204	0.796			1.098524
1	0.206	346.9753	1.57929	0.8497057	1.098232	1.003103					1	0.3253336	0.6746664	0.206	0.794			1.098232
1	0.208	346.9389	1.576787	0.8485205	1.097939	1.003172					1	0.3279718	0.6720282	0.208	0.792			1.097939
1	0.21	346.9026	1.574292	0.84734	1.097646	1.003242					1	0.3306014	0.6693986	0.21	0.79			1.097646
1	0.212	346.8663	1.571805	0.8461642	1.097353	1.003313					1	0.3332226	0.6667774	0.212	0.788			1.097353
1	0.214	346.8302	1.569324	0.8449931	1.09706	1.003385					1	0.3358354	0.6641646	0.214	0.786			1.09706
1	0.216	346.7941	1.566851	0.8438267	1.096766	1.003458					1	0.3384399	0.6615601	0.216	0.784			1.096766
1	0.218	346.7581	1.564385	0.842665	1.096472	1.003532					1	0.341036	0.658964	0.218	0.782			1.096472
1	0.22	346.7221	1.561926	0.8415079	1.096177	1.003607					1	0.3436238	0.6563762	0.22	0.78			1.096177
1	0.222	346.6863	1.559475	0.8403555	1.095883	1.003683					1	0.3462034	0.6537966	0.222	0.778			1.095883
1	0.224	346.6505	1.55703	0.8392077	1.095588	1.00376					1	0.3487748	0.6512252	0.224	0.776			1.095588
1	0.226	346.6148	1.554593	0.8380646	1.095293	1.003838					1	0.351338	0.648662	0.226	0.774			1.095293
1	0.228	346.5792	1.552163	0.8369261	1.094997	1.003917					1	0.3538931	0.6461069	0.228	0.772			1.094997
1	0.23	346.5436	1.549739	0.8357921	1.094702	1.003997					1	0.35644	0.64356	0.23	0.77			1.094702
1	0.232	346.5081	1.547323	0.8346628	1.094406	1.004078					1	0.358979	0.641021	0.232	0.768			1.094406
1	0.234	346.4727	1.544914	0.8335381	1.094109	1.00416					1	0.3615098	0.6384902	0.234	0.766			1.094109
1	0.236	346.4374	1.542512	0.8324179	1.093813	1.004243					1	0.3640327	0.6359673	0.236	0.764			1.093813
1	0.238	346.4021	1.540116	0.8313023	1.093516	1.004327					1	0.3665477	0.6334523	0.238	0.762			1.093516
1	0.24	346.3669	1.537728	0.8301912	1.093219	1.004412					1	0.3690547	0.6309453	0.24	0.76			1.093219
1	0.242	346.3318	1.535346	0.8290846	1.092922	1.004498					1	0.3715538	0.6284462	0.242	0.758			1.092922
1	0.244	346.2968	1.532972	0.8279826	1.092624	1.004585					1	0.3740451	0.6259549	0.244	0.756			1.092624
1	0.246	346.2619	1.530604	0.8268851	1.092327	1.004674					1	0.3765286	0.6234714	0.246	0.754			1.092327
1	0.248	346.227	1.528243	0.8257921	1.092028	1.004763					1	0.3790043	0.6209957	0.248	0.752			1.092028
1	0.25	346.1922	1.525889	0.8247036	1.09173	1.004853					1	0.3814723	0.6185277	0.25	0.75			1.09173
1	0.252	346.1574	1.523542	0.8236195	1.091432	1.004945					1	0.3839326	0.6160674	0.252	0.748			1.091432
1	0.254	346.1228	1.521202	0.8225399	1.091133	1.005038					1	0.3863852	0.6136148	0.254	0.746			1.091133
1	0.256	346.0882	1.518868	0.8214648	1.090834	1.005131					1	0.3888302	0.6111698	0.256	0.744			1.090834
1	0.258	346.0537	1.516541	0.8203941	1.090534	1.005226					1	0.3912675	0.6087325	0.258	0.742			1.090534
1	0.26	346.0193	1.514221	0.8193279	1.090235	1.005322					1	0.3936974	0.6063027	0.26	0.74			1.090235
1	0.262	345.9849	1.511907	0.8182661	1.089935	1.005419					1	0.3961196	0.6038804	0.262	0.738			1.089935
1	0.264	345.9506	1.5096	0.8172087	1.089635	1.005517					1	0.3985344	0.6014656	0.264	0.736			1.089635
1	0.266	345.9164	1.5073	0.8161557	1.089335	1.005617					1	0.4009417	0.5990583	0.266	0.734			1.089335
1	0.268	345.8822	1.505006	0.8151071	1.089034	1.005717					1	0.4033416	0.5966584	0.268	0.732			1.089034
1	0.27	345.8482	1.502719	0.8140628	1.088733	1.005819					1	0.4057341	0.5942659	0.27	0.73			1.088733
1	0.272	345.8142	1.500438	0.813023	1.088432	1.005922					1	0.4081193	0.5918807	0.272	0.728			1.088432
1	0.274	345.7802	1.498165	0.8119875	1.088131	1.006026					1	0.4104971	0.5895029	0.274	0.726			1.088131
1	0.276	345.7464	1.495897	0.8109564	1.08783	1.006131					1	0.4128676	0.5871324	0.276	0.724			1.08783
1	0.278	345.7126	1.493636	0.8099296	1.087528	1.006237					1	0.4152308	0.5847692	0.278	0.722			1.087528
1	0.28	345.6789	1.491382	0.8089071	1.087226	1.006345					1	0.4175869	0.5824131	0.28	0.72			1.087226
1	0.282	345.6453	1.489134	0.807889	1.086924	1.006454					1	0.4199357	0.5800643	0.282	0.718			1.086924
1	0.284	345.6117	1.486892	0.8068751	1.086622	1.006564					1	0.4222774	0.5777226	0.284	0.716			1.086622
1	0.286	345.5782	1.484657	0.8058656	1.086319	1.006675					1	0.4246119	0.5753881	0.286	0.714			1.086319
1	0.288	345.5448	1.482428	0.8048604	1.086017	1.006787					1	0.4269394	0.5730606	0.288	0.712			1.086017
1	0.29	345.5114	1.480206	0.8038594	1.085714	1.006901					1	0.4292598	0.5707402	0.29	0.71			1.085714
1	0.292	345.4782	1.47799	0.8028628	1.085411	1.007016					1	0.4315732	0.5684268	0.292	0.708			1.085411
1	0.294	345.445	1.475781	0.8018704	1.085107	1.007132					1	0.4338795	0.5661205	0.294	0.706			1.085107
1	0.296	345.4118	1.473577	0.8008822	1.084804	1.007249					1	0.4361789	0.5638211	0.296	0.704			1.084804
1	0.298	345.3788	1.47138	0.7998983	1.0845	1.007368					1	0.4384714	0.5615286	0.298	0.702			1.0845
1	0.3	345.3458	1.46919	0.7989187	1.084196	1.007488					1	0.4407569	0.5592431	0.3	0.7			1.084196
1	0.302	345.3128	1.467005	0.7979432	1.083892	1.007609					1	0.4430356	0.5569644	0.302	0.698			1.083892
1	0.304	345.28	1.464827	0.796972	1.083587	1.007732					1	0.4453075	0.5546925	0.304	0.696			1.083587
1	0.306	345.2472	1.462655	0.796005	1.083283	1.007856					1	0.4475725	0.5524275	0.306	0.694			1.083283
1	0.308	345.2145	1.46049	0.7950422	1.082978	1.007981					1	0.4498308	0.5501692	0.308	0.692			1.082978
1	0.31	345.1819	1.45833	0.7940836	1.082673	1.008107					1	0.4520823	0.5479177	0.31	0.69			1.082673
1	0.312	345.1493	1.456177	0.7931292	1.082368	1.008235					1	0.4543271	0.5456729	0.312	0.688			1.082368
1	0.314	345.1168	1.454029	0.792179	1.082063	1.008364					1	0.4565652	0.5434348	0.314	0.686			1.082063
1	0.316	345.0844	1.451888	0.7912329	1.081757	1.008495					1	0.4587967	0.5412033	0.316	0.684			1.081757
1	0.318	345.052	1.449753	0.790291	1.081451	1.008627					1	0.4610215	0.5389785	0.318	0.682			1.081451
1	0.32	345.0197	1.447624	0.7893533	1.081146	1.00876					1	0.4632398	0.5367602	0.32	0.68			1.081146
1	0.322	344.9875	1.445501	0.7884197	1.08084	1.008894					1	0.4654515	0.5345485	0.322	0.678			1.08084
1	0.324	344.9553	1.443385	0.7874902	1.080533	1.00903					1	0.4676566	0.5323434	0.324	0.676			1.080533
1	0.326	344.9233	1.441274	0.7865649	1.080227	1.009168					1	0.4698553	0.5301447	0.326	0.674			1.080227
1	0.328	344.8912	1.439169	0.7856437	1.07992	1.009307					1	0.4720475	0.5279525	0.328	0.672			1.07992
1	0.33	344.8593	1.43707	0.7847265	1.079614	1.009447					1	0.4742332	0.5257668	0.33	0.67			1.079614
1	0.332	344.8274	1.434978	0.7838135	1.079307	1.009588					1	0.4764125	0.5235875	0.332	0.668			1.079307
1	0.334	344.7956	1.432891	0.7829046	1.079	1.009731					1	0.4785855	0.5214145	0.334	0.666			1.079
1	0.336	344.7639	1.43081	0.7819998	1.078693	1.009876					1	0.4807521	0.5192479	0.336	0.664			1.078693
1	0.338	344.7322	1.428735	0.7810991	1.078385	1.010022					1	0.4829124	0.5170876	0.338	0.662			1.078385
1	0.34	344.7006	1.426666	0.7802024	1.078078	1.010169					1	0.4850664	0.5149336	0.34	0.66			1.078078
1	0.342	344.6691	1.424603	0.7793099	1.07777	1.010318					1	0.4872141	0.5127859	0.342	0.658			1.07777
1	0.344	344.6376	1.422545	0.7784213	1.077463	1.010468					1	0.4893556	0.5106444	0.344	0.656			1.077463
1	0.346	344.6062	1.420494	0.7775369	1.077155	1.01062					1	0.4914909	0.5085091	0.346	0.654			1.077155
1	0.348	344.5749	1.418448	0.7766564	1.076847	1.010773					1	0.49362	0.50638	0.348	0.652			1.076847
1	0.35	344.5436	1.416408	0.7757801	1.076539	1.010928					1	0.495743	0.504257	0.35	0.65			1.076539
1	0.352	344.5124	1.414374	0.7749077	1.07623	1.011084					1	0.4978598	0.5021402	0.352	0.648			1.07623
1	0.354	344.4813	1.412346	0.7740394	1.075922	1.011242					1	0.4999706	0.5000294	0.354	0.646			1.075922
1	0.356	344.4502	1.410324	0.7731751	1.075613	1.011401					1	0.5020753	0.4979247	0.356	0.644			1.075613
1	0.358	344.4192	1.408307	0.7723148	1.075305	1.011562					1	0.5041739	0.4958261	0.358	0.642			1.075305
1	0.36	344.3883	1.406296	0.7714585	1.074996	1.011725					1	0.5062666	0.4937334	0.36	0.64			1.074996
1	0.362	344.3574	1.404291	0.7706062	1.074687	1.011889					1	0.5083533	0.4916467	0.362	0.638			1.074687
1	0.364	344.3266	1.402291	0.7697579	1.074378	1.012054					1	0.510434	0.489566	0.364	0.636			1.074378
1	0.366	344.2959	1.400297	0.7689135	1.074069	1.012221					1	0.5125088	0.4874912	0.366	0.634			1.074069
1	0.368	344.2653	1.398309	0.7680732	1.07376	1.01239					1	0.5145777	0.4854223	0.368	0.632			1.07376
1	0.37	344.2347	1.396326	0.7672368	1.07345	1.01256					1	0.5166408	0.4833592	0.37	0.63			1.07345
1	0.372	344.2041	1.39435	0.7664044	1.073141	1.012732					1	0.518698	0.481302	0.372	0.628			1.073141
1	0.374	344.1737	1.392378	0.765576	1.072831	1.012906					1	0.5207494	0.4792506	0.374	0.626			1.072831
1	0.376	344.1433	1.390412	0.7647515	1.072522	1.013081					1	0.5227951	0.4772049	0.376	0.624			1.072522
1	0.378	344.113	1.388452	0.763931	1.072212	1.013258					1	0.5248349	0.4751651	0.378	0.622			1.072212
1	0.38	344.0827	1.386498	0.7631144	1.071902	1.013437					1	0.5268691	0.4731309	0.38	0.62			1.071902
1	0.382	344.0525	1.384549	0.7623017	1.071592	1.013617					1	0.5288975	0.4711025	0.382	0.618			1.071592
1	0.384	344.0224	1.382605	0.761493	1.071282	1.013799					1	0.5309203	0.4690797	0.384	0.616			1.071282
1	0.386	343.9923	1.380667	0.7606882	1.070972	1.013982					1	0.5329375	0.4670625	0.386	0.614			1.070972
1	0.388	343.9623	1.378734	0.7598873	1.070662	1.014167					1	0.534949	0.465051	0.388	0.612			1.070662
1	0.39	343.9324	1.376807	0.7590903	1.070352	1.014354					1	0.5369549	0.4630451	0.39	0.61			1.070352
1	0.392	343.9025	1.374886	0.7582972	1.070041	1.014543					1	0.5389553	0.4610447	0.392	0.608			1.070041
1	0.394	343.8727	1.37297	0.7575081	1.069731	1.014733					1	0.5409501	0.4590499	0.394	0.606			1.069731
1	0.396	343.8429	1.371059	0.7567228	1.069421	1.014926					1	0.5429394	0.4570606	0.396	0.604			1.069421
1	0.398	343.8133	1.369154	0.7559415	1.06911	1.01512					1	0.5449232	0.4550768	0.398	0.602			1.06911
1	0.4	343.7836	1.367254	0.755164	1.0688	1.015315					1	0.5469016	0.4530984	0.4	0.6			1.0688
1	0.402	343.7541	1.36536	0.7543904	1.068489	1.015513					1	0.5488745	0.4511255	0.402	0.598			1.068489
1	0.404	343.7246	1.363471	0.7536207	1.068178	1.015712					1	0.5508421	0.4491579	0.404	0.596			1.068178
1	0.406	343.6952	1.361587	0.7528548	1.067868	1.015913					1	0.5528042	0.4471958	0.406	0.594			1.067868
1	0.408	343.6658	1.359708	0.7520928	1.067557	1.016116					1	0.554761	0.445239	0.408	0.592			1.067557
1	0.41	343.6365	1.357835	0.7513347	1.067246	1.016321					1	0.5567125	0.4432875	0.41	0.59			1.067246
1	0.412	343.6073	1.355968	0.7505805	1.066935	1.016527					1	0.5586587	0.4413413	0.412	0.588			1.066935
1	0.414	343.5781	1.354105	0.7498301	1.066624	1.016736					1	0.5605996	0.4394004	0.414	0.586			1.066624
1	0.416	343.549	1.352248	0.7490835	1.066313	1.016946					1	0.5625352	0.4374648	0.416	0.584			1.066313
1	0.418	343.52	1.350396	0.7483408	1.066003	1.017158					1	0.5644657	0.4355343	0.418	0.582			1.066003
1	0.42	343.491	1.34855	0.7476019	1.065692	1.017372					1	0.5663909	0.4336091	0.42	0.58			1.065692
1	0.422	343.4621	1.346708	0.7468669	1.065381	1.017588					1	0.5683109	0.4316891	0.422	0.578			1.065381
1	0.424	343.4333	1.344872	0.7461357	1.06507	1.017806					1	0.5702258	0.4297742	0.424	0.576			1.06507
1	0.426	343.4045	1.343041	0.7454083	1.064759	1.018025					1	0.5721356	0.4278644	0.426	0.574			1.064759
1	0.428	343.3758	1.341216	0.7446848	1.064448	1.018247					1	0.5740403	0.4259597	0.428	0.572			1.064448
1	0.43	343.3471	1.339395	0.743965	1.064137	1.018471					1	0.5759399	0.4240601	0.43	0.57			1.064137
1	0.432	343.3185	1.33758	0.7432491	1.063826	1.018696					1	0.5778345	0.4221655	0.432	0.568			1.063826
1	0.434	343.29	1.33577	0.742537	1.063515	1.018924					1	0.5797241	0.4202759	0.434	0.566			1.063515
1	0.436	343.2615	1.333965	0.7418287	1.063204	1.019153					1	0.5816086	0.4183914	0.436	0.564			1.063204
1	0.438	343.2331	1.332165	0.7411242	1.062893	1.019385					1	0.5834882	0.4165118	0.438	0.562			1.062893
1	0.44	343.2047	1.33037	0.7404235	1.062582	1.019618					1	0.5853628	0.4146372	0.44	0.56			1.062582
1	0.442	343.1765	1.32858	0.7397266	1.062271	1.019854					1	0.5872325	0.4127675	0.442	0.558			1.062271
1	0.444	343.1482	1.326796	0.7390335	1.06196	1.020091					1	0.5890973	0.4109026	0.444	0.556			1.06196
1	0.446	343.1201	1.325016	0.7383442	1.061649	1.020331					1	0.5909573	0.4090427	0.446	0.554			1.061649
1	0.448	343.092	1.323242	0.7376587	1.061338	1.020573					1	0.5928124	0.4071876	0.448	0.552			1.061338
1	0.45	343.0639	1.321473	0.736977	1.061028	1.020817					1	0.5946627	0.4053373	0.45	0.55			1.061028
1	0.452	343.0359	1.319708	0.736299	1.060717	1.021063					1	0.5965081	0.4034919	0.452	0.548			1.060717
1	0.454	343.008	1.317949	0.7356248	1.060406	1.02131					1	0.5983488	0.4016512	0.454	0.546			1.060406
1	0.456	342.9802	1.316195	0.7349544	1.060095	1.021561					1	0.6001848	0.3998152	0.456	0.544			1.060095
1	0.458	342.9524	1.314445	0.7342878	1.059785	1.021813					1	0.602016	0.397984	0.458	0.542			1.059785
1	0.46	342.9246	1.312701	0.7336249	1.059474	1.022067					1	0.6038425	0.3961575	0.46	0.54			1.059474
1	0.462	342.897	1.310962	0.7329658	1.059164	1.022324					1	0.6056644	0.3943356	0.462	0.538			1.059164
1	0.464	342.8694	1.309228	0.7323105	1.058853	1.022582					1	0.6074816	0.3925184	0.464	0.536			1.058853
1	0.466	342.8418	1.307498	0.7316589	1.058543	1.022843					1	0.6092941	0.3907059	0.466	0.534			1.058543
1	0.468	342.8143	1.305774	0.7310111	1.058232	1.023106					1	0.6111021	0.3888979	0.468	0.532			1.058232
1	0.47	342.7869	1.304054	0.7303671	1.057922	1.023372					1	0.6129055	0.3870945	0.47	0.53			1.057922
1	0.472	342.7595	1.30234	0.7297268	1.057612	1.023639					1	0.6147043	0.3852957	0.472	0.528			1.057612
1	0.474	342.7322	1.30063	0.7290902	1.057302	1.023909					1	0.6164985	0.3835015	0.474	0.526			1.057302
1	0.476	342.7049	1.298925	0.7284574	1.056992	1.024181					1	0.6182883	0.3817117	0.476	0.524			1.056992
1	0.478	342.6778	1.297225	0.7278284	1.056682	1.024455					1	0.6200736	0.3799264	0.478	0.522			1.056682
1	0.48	342.6506	1.29553	0.727203	1.056372	1.024732					1	0.6218544	0.3781456	0.48	0.52			1.056372
1	0.482	342.6236	1.29384	0.7265815	1.056063	1.025011					1	0.6236308	0.3763692	0.482	0.518			1.056063
1	0.484	342.5965	1.292154	0.7259636	1.055753	1.025292					1	0.6254028	0.3745972	0.484	0.516			1.055753
1	0.486	342.5696	1.290474	0.7253496	1.055443	1.025576					1	0.6271703	0.3728297	0.486	0.514			1.055443
1	0.488	342.5427	1.288798	0.7247392	1.055134	1.025861					1	0.6289335	0.3710665	0.488	0.512			1.055134
1	0.49	342.5159	1.287127	0.7241326	1.054825	1.02615					1	0.6306924	0.3693076	0.49	0.51			1.054825
1	0.492	342.4891	1.285461	0.7235297	1.054516	1.02644					1	0.6324469	0.3675531	0.492	0.508			1.054516
1	0.494	342.4624	1.2838	0.7229306	1.054207	1.026733					1	0.6341971	0.3658029	0.494	0.506			1.054207
1	0.496	342.4357	1.282143	0.7223352	1.053898	1.027029					1	0.6359431	0.3640569	0.496	0.504			1.053898
1	0.498	342.4091	1.280491	0.7217435	1.053589	1.027327					1	0.6376848	0.3623152	0.498	0.502			1.053589
1	0.5	342.3826	1.278844	0.7211555	1.053281	1.027627					1	0.6394222	0.3605778	0.5	0.5			1.053281
1	0.502	342.3561	1.277202	0.7205713	1.052972	1.02793					1	0.6411555	0.3588445	0.502	0.498			1.052972
1	0.504	342.3297	1.275565	0.7199908	1.052664	1.028235					1	0.6428845	0.3571155	0.504	0.496			1.052664
1	0.506	342.3033	1.273932	0.7194141	1.052356	1.028543					1	0.6446095	0.3553905	0.506	0.494			1.052356
1	0.508	342.277	1.272304	0.718841	1.052048	1.028853					1	0.6463302	0.3536698	0.508	0.492			1.052048
1	0.51	342.2507	1.27068	0.7182717	1.05174	1.029165					1	0.6480469	0.3519531	0.51	0.49			1.05174
1	0.512	342.2245	1.269061	0.7177061	1.051432	1.029481					1	0.6497594	0.3502406	0.512	0.488			1.051432
1	0.514	342.1984	1.267447	0.7171442	1.051125	1.029799					1	0.6514679	0.3485321	0.514	0.486			1.051125
1	0.516	342.1723	1.265838	0.7165861	1.050818	1.030119					1	0.6531723	0.3468277	0.516	0.484			1.050818
1	0.518	342.1463	1.264233	0.7160316	1.050511	1.030442					1	0.6548727	0.3451273	0.518	0.482			1.050511
1	0.52	342.1203	1.262633	0.7154809	1.050204	1.030768					1	0.6565691	0.3434309	0.52	0.48			1.050204
1	0.522	342.0944	1.261037	0.714934	1.049897	1.031096					1	0.6582616	0.3417384	0.522	0.478			1.049897
1	0.524	342.0686	1.259447	0.7143907	1.049591	1.031427					1	0.65995	0.34005	0.524	0.476			1.049591
1	0.526	342.0428	1.25786	0.7138511	1.049284	1.03176					1	0.6616346	0.3383654	0.526	0.474			1.049284
1	0.528	342.0171	1.256279	0.7133153	1.048978	1.032096					1	0.6633152	0.3366848	0.528	0.472			1.048978
1	0.53	341.9914	1.254702	0.7127832	1.048672	1.032435					1	0.6649919	0.3350081	0.53	0.47			1.048672
1	0.532	341.9658	1.253129	0.7122549	1.048367	1.032777					1	0.6666647	0.3333353	0.532	0.468			1.048367
1	0.534	341.9402	1.251561	0.7117302	1.048061	1.033121					1	0.6683337	0.3316663	0.534	0.466			1.048061
1	0.536	341.9147	1.249998	0.7112093	1.047756	1.033468					1	0.6699989	0.3300011	0.536	0.464			1.047756
1	0.538	341.8892	1.248439	0.7106921	1.047451	1.033818					1	0.6716603	0.3283397	0.538	0.462			1.047451
1	0.54	341.8639	1.246885	0.7101786	1.047147	1.03417					1	0.6733179	0.3266821	0.54	0.46			1.047147
1	0.542	341.8385	1.245335	0.7096688	1.046842	1.034526					1	0.6749717	0.3250283	0.542	0.458			1.046842
1	0.544	341.8132	1.24379	0.7091628	1.046538	1.034884					1	0.6766218	0.3233782	0.544	0.456			1.046538
1	0.546	341.788	1.242249	0.7086604	1.046234	1.035245					1	0.6782682	0.3217318	0.546	0.454			1.046234
1	0.548	341.7628	1.240713	0.7081618	1.045931	1.035609					1	0.6799108	0.3200892	0.548	0.452			1.045931
1	0.55	341.7377	1.239182	0.707667	1.045627	1.035975					1	0.6815499	0.3184501	0.55	0.45			1.045627
1	0.552	341.7127	1.237654	0.7071759	1.045324	1.036345					1	0.6831852	0.3168148	0.552	0.448			1.045324
1	0.554	341.6877	1.236132	0.7066884	1.045021	1.036718					1	0.684817	0.315183	0.554	0.446			1.045021
1	0.556	341.6627	1.234613	0.7062048	1.044719	1.037093					1	0.6864451	0.3135549	0.556	0.444			1.044719
1	0.558	341.6378	1.2331	0.7057248	1.044416	1.037471					1	0.6880696	0.3119304	0.558	0.442			1.044416
1	0.56	341.613	1.23159	0.7052486	1.044114	1.037853					1	0.6896906	0.3103094	0.56	0.44			1.044114
1	0.562	341.5882	1.230086	0.7047761	1.043813	1.038237					1	0.6913081	0.3086919	0.562	0.438			1.043813
1	0.564	341.5635	1.228585	0.7043074	1.043511	1.038624					1	0.692922	0.307078	0.564	0.436			1.043511
1	0.566	341.5388	1.227089	0.7038424	1.04321	1.039015					1	0.6945324	0.3054676	0.566	0.434			1.04321
1	0.568	341.5142	1.225597	0.7033811	1.04291	1.039408					1	0.6961394	0.3038606	0.568	0.432			1.04291
1	0.57	341.4896	1.22411	0.7029236	1.042609	1.039805					1	0.6977429	0.3022571	0.57	0.43			1.042609
1	0.572	341.4651	1.222627	0.7024698	1.042309	1.040204					1	0.6993429	0.3006571	0.572	0.428			1.042309
1	0.574	341.4406	1.221149	0.7020198	1.04201	1.040607					1	0.7009396	0.2990604	0.574	0.426			1.04201
1	0.576	341.4162	1.219675	0.7015735	1.04171	1.041013					1	0.7025328	0.2974672	0.576	0.424			1.04171
1	0.578	341.3919	1.218205	0.701131	1.041411	1.041422					1	0.7041227	0.2958773	0.578	0.422			1.041411
1	0.58	341.3676	1.21674	0.7006922	1.041113	1.041834					1	0.7057093	0.2942907	0.58	0.42			1.041113
1	0.582	341.3433	1.215279	0.7002571	1.040814	1.042249					1	0.7072925	0.2927075	0.582	0.418			1.040814
1	0.584	341.3192	1.213823	0.6998259	1.040516	1.042668					1	0.7088724	0.2911276	0.584	0.416			1.040516
1	0.586	341.295	1.21237	0.6993984	1.040219	1.043089					1	0.7104491	0.2895509	0.586	0.414			1.040219
1	0.588	341.2709	1.210923	0.6989746	1.039922	1.043514					1	0.7120225	0.2879775	0.588	0.412			1.039922
1	0.59	341.2469	1.209479	0.6985546	1.039625	1.043943					1	0.7135926	0.2864074	0.59	0.41			1.039625
1	0.592	341.2229	1.20804	0.6981384	1.039328	1.044374					1	0.7151595	0.2848405	0.592	0.408			1.039328
1	0.594	341.199	1.206605	0.697726	1.039032	1.044809					1	0.7167233	0.2832767	0.594	0.406			1.039032
1	0.596	341.1752	1.205174	0.6973173	1.038737	1.045247					1	0.7182838	0.2817162	0.596	0.404			1.038737
1	0.598	341.1513	1.203748	0.6969124	1.038442	1.045689					1	0.7198412	0.2801588	0.598	0.402			1.038442
1	0.6	341.1276	1.202326	0.6965113	1.038147	1.046134					1	0.7213955	0.2786045	0.6	0.4			1.038147
1	0.602	341.1039	1.200908	0.6961139	1.037853	1.046582					1	0.7229466	0.2770534	0.602	0.398			1.037853
1	0.604	341.0802	1.199495	0.6957204	1.037559	1.047034					1	0.7244947	0.2755053	0.604	0.396			1.037559
1	0.606	341.0566	1.198085	0.6953307	1.037265	1.047489					1	0.7260397	0.2739603	0.606	0.394			1.037265
1	0.608	341.0331	1.19668	0.6949447	1.036972	1.047948					1	0.7275817	0.2724183	0.608	0.392			1.036972
1	0.61	341.0096	1.19528	0.6945626	1.03668	1.04841					1	0.7291206	0.2708794	0.61	0.39			1.03668
1	0.612	340.9861	1.193883	0.6941842	1.036388	1.048876					1	0.7306565	0.2693435	0.612	0.388			1.036388
1	0.614	340.9627	1.192491	0.6938097	1.036096	1.049345					1	0.7321895	0.2678105	0.614	0.386			1.036096
1	0.616	340.9394	1.191103	0.6934389	1.035805	1.049818					1	0.7337194	0.2662806	0.616	0.384			1.035805
1	0.618	340.9161	1.189719	0.693072	1.035514	1.050295					1	0.7352465	0.2647535	0.618	0.382			1.035514
1	0.62	340.8928	1.18834	0.6927089	1.035224	1.050775					1	0.7367706	0.2632294	0.62	0.38			1.035224
1	0.622	340.8697	1.186964	0.6923497	1.034934	1.051258					1	0.7382918	0.2617082	0.622	0.378			1.034934
1	0.624	340.8465	1.185593	0.6919942	1.034645	1.051746					1	0.7398102	0.2601898	0.624	0.376			1.034645
1	0.626	340.8234	1.184226	0.6916426	1.034356	1.052237					1	0.7413257	0.2586743	0.626	0.374			1.034356
1	0.628	340.8004	1.182864	0.6912949	1.034068	1.052732					1	0.7428383	0.2571617	0.628	0.372			1.034068
1	0.63	340.7774	1.181505	0.6909509	1.03378	1.05323					1	0.7443482	0.2556518	0.63	0.37			1.03378
1	0.632	340.7545	1.180151	0.6906109	1.033493	1.053732					1	0.7458552	0.2541448	0.632	0.368			1.033493
1	0.634	340.7316	1.1788	0.6902746	1.033206	1.054238					1	0.7473595	0.2526405	0.634	0.366			1.033206
1	0.636	340.7088	1.177454	0.6899423	1.03292	1.054748					1	0.748861	0.251139	0.636	0.364			1.03292
1	0.638	340.686	1.176113	0.6896138	1.032635	1.055262					1	0.7503598	0.2496402	0.638	0.362			1.032635
1	0.64	340.6633	1.174775	0.6892892	1.03235	1.05578					1	0.7518559	0.2481441	0.64	0.36			1.03235
1	0.642	340.6406	1.173441	0.6889684	1.032065	1.056301					1	0.7533493	0.2466507	0.642	0.358			1.032065
1	0.644	340.618	1.172112	0.6886516	1.031782	1.056827					1	0.75484	0.24516	0.644	0.356			1.031782
1	0.646	340.5954	1.170787	0.6883386	1.031498	1.057356					1	0.7563281	0.2436719	0.646	0.354			1.031498
1	0.648	340.5728	1.169465	0.6880295	1.031216	1.057889					1	0.7578136	0.2421864	0.648	0.352			1.031216
1	0.65	340.5504	1.168148	0.6877244	1.030933	1.058426					1	0.7592965	0.2407035	0.65	0.35			1.030933
1	0.652	340.5279	1.166836	0.6874231	1.030652	1.058968					1	0.7607768	0.2392232	0.652	0.348			1.030652
1	0.654	340.5056	1.165527	0.6871257	1.030371	1.059513					1	0.7622545	0.2377455	0.654	0.346			1.030371
1	0.656	340.4832	1.164222	0.6868323	1.030091	1.060063					1	0.7637297	0.2362703	0.656	0.344			1.030091
1	0.658	340.461	1.162922	0.6865428	1.029811	1.060616					1	0.7652024	0.2347976	0.658	0.342			1.029811
1	0.66	340.4387	1.161625	0.6862572	1.029532	1.061174					1	0.7666725	0.2333275	0.66	0.34			1.029532
1	0.662	340.4165	1.160333	0.6859756	1.029254	1.061736					1	0.7681403	0.2318597	0.662	0.338			1.029254
1	0.664	340.3944	1.159044	0.6856979	1.028976	1.062302					1	0.7696055	0.2303945	0.664	0.336			1.028976
1	0.666	340.3723	1.15776	0.6854242	1.028699	1.062872					1	0.7710683	0.2289317	0.666	0.334			1.028699
1	0.668	340.3503	1.15648	0.6851544	1.028422	1.063447					1	0.7725287	0.2274713	0.668	0.332			1.028422
1	0.67	340.3283	1.155204	0.6848886	1.028147	1.064026					1	0.7739868	0.2260132	0.67	0.33			1.028147
1	0.672	340.3064	1.153932	0.6846268	1.027872	1.064609					1	0.7754424	0.2245576	0.672	0.328			1.027872
1	0.674	340.2845	1.152664	0.6843689	1.027597	1.065196					1	0.7768957	0.2231043	0.674	0.326			1.027597
1	0.676	340.2627	1.1514	0.6841151	1.027323	1.065788					1	0.7783467	0.2216533	0.676	0.324			1.027323
1	0.678	340.2409	1.150141	0.6838652	1.02705	1.066384					1	0.7797954	0.2202046	0.678	0.322			1.02705
1	0.68	340.2191	1.148885	0.6836194	1.026778	1.066985					1	0.7812418	0.2187582	0.68	0.32			1.026778
1	0.682	340.1974	1.147633	0.6833775	1.026507	1.06759					1	0.7826859	0.2173141	0.682	0.318			1.026507
1	0.684	340.1758	1.146386	0.6831397	1.026236	1.0682					1	0.7841278	0.2158722	0.684	0.316			1.026236
1	0.686	340.1542	1.145142	0.682906	1.025966	1.068814					1	0.7855675	0.2144325	0.686	0.314			1.025966
1	0.688	340.1326	1.143903	0.6826763	1.025696	1.069433					1	0.787005	0.212995	0.688	0.312			1.025696
1	0.69	340.1111	1.142667	0.6824506	1.025428	1.070056					1	0.7884403	0.2115597	0.69	0.31			1.025428
1	0.692	340.0897	1.141436	0.682229	1.02516	1.070684					1	0.7898735	0.2101265	0.692	0.308			1.02516
1	0.694	340.0683	1.140208	0.6820114	1.024893	1.071316					1	0.7913045	0.2086955	0.694	0.306			1.024893
1	0.696	340.0469	1.138985	0.681798	1.024626	1.071954					1	0.7927334	0.2072666	0.696	0.304			1.024626
1	0.698	340.0256	1.137765	0.6815886	1.024361	1.072596					1	0.7941603	0.2058397	0.698	0.302			1.024361
1	0.7	340.0043	1.13655	0.6813833	1.024096	1.073242					1	0.795585	0.204415	0.7	0.3			1.024096
1	0.702	339.9831	1.135339	0.6811821	1.023832	1.073894					1	0.7970077	0.2029923	0.702	0.298			1.023832
1	0.704	339.962	1.134131	0.680985	1.023569	1.07455					1	0.7984284	0.2015716	0.704	0.296			1.023569
1	0.706	339.9408	1.132928	0.6807921	1.023307	1.075211					1	0.7998471	0.2001529	0.706	0.294			1.023307
1	0.708	339.9198	1.131729	0.6806033	1.023045	1.075877					1	0.8012638	0.1987362	0.708	0.292			1.023045
1	0.71	339.8987	1.130533	0.6804187	1.022785	1.076548					1	0.8026786	0.1973214	0.71	0.29			1.022785
1	0.712	339.8778	1.129342	0.6802382	1.022525	1.077224					1	0.8040914	0.1959086	0.712	0.288			1.022525
1	0.714	339.8568	1.128154	0.6800618	1.022266	1.077905					1	0.8055023	0.1944977	0.714	0.286			1.022266
1	0.716	339.8359	1.126971	0.6798897	1.022008	1.07859					1	0.8069113	0.1930887	0.716	0.284			1.022008
1	0.718	339.8151	1.125792	0.6797217	1.021751	1.079281					1	0.8083185	0.1916815	0.718	0.282			1.021751
1	0.72	339.7943	1.124616	0.679558	1.021494	1.079977					1	0.8097238	0.1902762	0.72	0.28			1.021494
1	0.722	339.7735	1.123445	0.6793984	1.021239	1.080678					1	0.8111272	0.1888728	0.722	0.278			1.021239
1	0.724	339.7528	1.122278	0.6792431	1.020984	1.081385					1	0.8125289	0.1874711	0.724	0.276			1.020984
1	0.726	339.7322	1.121114	0.679092	1.020731	1.082096					1	0.8139288	0.1860712	0.726	0.274			1.020731
1	0.728	339.7116	1.119955	0.6789451	1.020478	1.082813					1	0.8153269	0.1846731	0.728	0.272			1.020478
1	0.73	339.691	1.118799	0.6788026	1.020226	1.083535					1	0.8167233	0.1832767	0.73	0.27			1.020226
1	0.732	339.6705	1.117648	0.6786642	1.019976	1.084262					1	0.818118	0.181882	0.732	0.268			1.019976
1	0.734	339.65	1.1165	0.6785302	1.019726	1.084995					1	0.819511	0.180489	0.734	0.266			1.019726
1	0.736	339.6296	1.115356	0.6784005	1.019477	1.085733					1	0.8209023	0.1790977	0.736	0.264			1.019477
1	0.738	339.6092	1.114217	0.678275	1.019229	1.086476					1	0.8222919	0.1777081	0.738	0.262			1.019229
1	0.74	339.5888	1.113081	0.6781539	1.018982	1.087225					1	0.82368	0.17632	0.74	0.26			1.018982
1	0.742	339.5685	1.111949	0.6780371	1.018736	1.087979					1	0.8250664	0.1749336	0.742	0.258			1.018736
1	0.744	339.5483	1.110822	0.6779247	1.018491	1.088739					1	0.8264513	0.1735487	0.744	0.256			1.018491
1	0.746	339.5281	1.109698	0.6778166	1.018247	1.089505					1	0.8278346	0.1721654	0.746	0.254			1.018247
1	0.748	339.5079	1.108578	0.6777129	1.018004	1.090276					1	0.8292163	0.1707837	0.748	0.252			1.018004
1	0.75	339.4878	1.107462	0.6776136	1.017762	1.091052					1	0.8305966	0.1694034	0.75	0.25			1.017762
1	0.752	339.4677	1.10635	0.6775187	1.017522	1.091835					1	0.8319754	0.1680246	0.752	0.248			1.017522
1	0.754	339.4477	1.105242	0.6774282	1.017282	1.092623					1	0.8333527	0.1666473	0.754	0.246			1.017282
1	0.756	339.4277	1.104138	0.6773421	1.017043	1.093417					1	0.8347285	0.1652715	0.756	0.244			1.017043
1	0.758	339.4078	1.103038	0.6772605	1.016806	1.094217					1	0.836103	0.163897	0.758	0.242			1.016806
1	0.76	339.3879	1.101942	0.6771833	1.016569	1.095022					1	0.837476	0.162524	0.76	0.24			1.016569
1	0.762	339.368	1.10085	0.6771106	1.016334	1.095834					1	0.8388477	0.1611523	0.762	0.238			1.016334
1	0.764	339.3482	1.099762	0.6770424	1.016099	1.096651					1	0.840218	0.159782	0.764	0.236			1.016099
1	0.766	339.3285	1.098678	0.6769786	1.015866	1.097475					1	0.841587	0.158413	0.766	0.234			1.015866
1	0.768	339.3087	1.097597	0.6769194	1.015634	1.098304					1	0.8429547	0.1570453	0.768	0.232			1.015634
1	0.77	339.2891	1.096521	0.6768648	1.015403	1.09914					1	0.8443211	0.1556789	0.77	0.23			1.015403
1	0.772	339.2694	1.095449	0.6768147	1.015173	1.099982					1	0.8456863	0.1543137	0.772	0.228			1.015173
1	0.774	339.2499	1.09438	0.6767691	1.014944	1.100829					1	0.8470502	0.1529498	0.774	0.226			1.014944
1	0.776	339.2303	1.093316	0.6767281	1.014717	1.101684					1	0.8484129	0.1515871	0.776	0.224			1.014717
1	0.778	339.2108	1.092255	0.6766918	1.014491	1.102544					1	0.8497744	0.1502256	0.778	0.222			1.014491
1	0.78	339.1913	1.091198	0.67666	1.014266	1.10341					1	0.8511348	0.1488652	0.78	0.22			1.014266
1	0.782	339.1719	1.090146	0.6766329	1.014042	1.104283					1	0.852494	0.147506	0.782	0.218			1.014042
1	0.784	339.1526	1.089097	0.6766104	1.013819	1.105163					1	0.8538522	0.1461478	0.784	0.216			1.013819
1	0.786	339.1332	1.088052	0.6765926	1.013598	1.106049					1	0.8552092	0.1447908	0.786	0.214			1.013598
1	0.788	339.1139	1.087012	0.6765794	1.013377	1.106941					1	0.8565652	0.1434348	0.788	0.212			1.013377
1	0.79	339.0947	1.085975	0.676571	1.013158	1.10784					1	0.8579201	0.1420799	0.79	0.21			1.013158
1	0.792	339.0755	1.084942	0.6765673	1.012941	1.108745					1	0.859274	0.140726	0.792	0.208			1.012941
1	0.794	339.0563	1.083913	0.6765683	1.012724	1.109657					1	0.8606269	0.1393731	0.794	0.206			1.012724
1	0.796	339.0372	1.082888	0.6765741	1.012509	1.110576					1	0.8619789	0.1380211	0.796	0.204			1.012509
1	0.798	339.0181	1.081867	0.6765846	1.012295	1.111501					1	0.8633299	0.1366701	0.798	0.202			1.012295
1	0.8	338.9991	1.08085	0.6766	1.012083	1.112433					1	0.86468	0.13532	0.8	0.2			1.012083
1	0.802	338.9801	1.079837	0.6766201	1.011872	1.113372					1	0.8660292	0.1339708	0.802	0.198			1.011872
1	0.804	338.9612	1.078828	0.6766451	1.011662	1.114318					1	0.8673776	0.1326224	0.804	0.196			1.011662
1	0.806	338.9423	1.077823	0.676675	1.011453	1.115271					1	0.8687251	0.1312749	0.806	0.194			1.011453
1	0.808	338.9234	1.076821	0.6767097	1.011246	1.116231					1	0.8700717	0.1299283	0.808	0.192			1.011246
1	0.81	338.9046	1.075824	0.6767493	1.011041	1.117198					1	0.8714176	0.1285824	0.81	0.19			1.011041
1	0.812	338.8858	1.074831	0.6767938	1.010836	1.118172					1	0.8727628	0.1272372	0.812	0.188			1.010836
1	0.814	338.8671	1.073842	0.6768432	1.010633	1.119153					1	0.8741072	0.1258928	0.814	0.186			1.010633
1	0.816	338.8484	1.072856	0.6768976	1.010432	1.120141					1	0.8754508	0.1245492	0.816	0.184			1.010432
1	0.818	338.8297	1.071875	0.676957	1.010232	1.121137					1	0.8767938	0.1232062	0.818	0.182			1.010232
1	0.82	338.8111	1.070898	0.6770213	1.010033	1.122139					1	0.8781362	0.1218638	0.82	0.18			1.010033
1	0.822	338.7925	1.069924	0.6770907	1.009836	1.123149					1	0.8794779	0.1205221	0.822	0.178			1.009836
1	0.824	338.774	1.068955	0.6771651	1.00964	1.124167					1	0.8808189	0.1191811	0.824	0.176			1.00964
1	0.826	338.7555	1.06799	0.6772446	1.009446	1.125192					1	0.8821594	0.1178406	0.826	0.174			1.009446
1	0.828	338.737	1.067028	0.6773291	1.009253	1.126225					1	0.8834994	0.1165006	0.828	0.172			1.009253
1	0.83	338.7186	1.066071	0.6774188	1.009062	1.127265					1	0.8848388	0.1151612	0.83	0.17			1.009062
1	0.832	338.7003	1.065117	0.6775136	1.008872	1.128313					1	0.8861777	0.1138223	0.832	0.168			1.008872
1	0.834	338.6819	1.064168	0.6776135	1.008684	1.129368					1	0.8875162	0.1124838	0.834	0.166			1.008684
1	0.836	338.6636	1.063223	0.6777187	1.008497	1.130431					1	0.8888541	0.1111459	0.836	0.164			1.008497
1	0.838	338.6454	1.062281	0.677829	1.008312	1.131502					1	0.8901917	0.1098083	0.838	0.162			1.008312
1	0.84	338.6272	1.061344	0.6779445	1.008128	1.132581					1	0.8915289	0.1084711	0.84	0.16			1.008128
1	0.842	338.609	1.060411	0.6780653	1.007946	1.133668					1	0.8928657	0.1071343	0.842	0.158			1.007946
1	0.844	338.5909	1.059481	0.6781914	1.007766	1.134763					1	0.8942021	0.1057979	0.844	0.156			1.007766
1	0.846	338.5728	1.058556	0.6783227	1.007587	1.135866					1	0.8955383	0.1044617	0.846	0.154			1.007587
1	0.848	338.5548	1.057635	0.6784594	1.00741	1.136977					1	0.8968742	0.1031258	0.848	0.152			1.00741
1	0.85	338.5368	1.056717	0.6786015	1.007235	1.138096					1	0.8982098	0.1017902	0.85	0.15			1.007235
1	0.852	338.5188	1.055804	0.6787489	1.007061	1.139223					1	0.8995452	0.1004548	0.852	0.148			1.007061
1	0.854	338.5009	1.054895	0.6789017	1.006889	1.140359					1	0.9008804	0.0991196	0.854	0.146			1.006889
1	0.856	338.483	1.05399	0.6790599	1.006719	1.141503					1	0.9022154	0.0977846	0.856	0.144			1.006719
1	0.858	338.4652	1.053089	0.6792236	1.00655	1.142655					1	0.9035502	0.0964497	0.858	0.142			1.00655
1	0.86	338.4473	1.052192	0.6793928	1.006383	1.143816					1	0.904885	0.0951149	0.86	0.14			1.006383
1	0.862	338.4296	1.051299	0.6795675	1.006218	1.144986					1	0.9062197	0.0937803	0.862	0.138			1.006218
1	0.864	338.4119	1.05041	0.6797477	1.006054	1.146164					1	0.9075543	0.0924456	0.864	0.136			1.006054
1	0.866	338.3942	1.049525	0.6799335	1.005892	1.147351					1	0.9088889	0.091111	0.866	0.134			1.005892
1	0.868	338.3765	1.048645	0.6801249	1.005732	1.148547					1	0.9102235	0.0897764	0.868	0.132			1.005732
1	0.87	338.3589	1.047768	0.6803219	1.005574	1.149751					1	0.9115581	0.0884418	0.87	0.13			1.005574
1	0.872	338.3413	1.046895	0.6805246	1.005418	1.150965					1	0.9128928	0.0871071	0.872	0.128			1.005418
1	0.874	338.3238	1.046027	0.680733	1.005263	1.152187					1	0.9142276	0.0857723	0.874	0.126			1.005263
1	0.876	338.3063	1.045163	0.680947	1.005111	1.153418					1	0.9155626	0.0844374	0.876	0.124			1.005111
1	0.878	338.2889	1.044303	0.6811668	1.00496	1.154659					1	0.9168976	0.0831023	0.878	0.122			1.00496
1	0.88	338.2715	1.043446	0.6813924	1.004811	1.155908					1	0.9182329	0.081767	0.88	0.12			1.004811
1	0.882	338.2541	1.042595	0.6816238	1.004664	1.157167					1	0.9195684	0.0804316	0.882	0.118			1.004664
1	0.884	338.2368	1.041747	0.6818611	1.004519	1.158436					1	0.9209041	0.0790958	0.884	0.116			1.004519
1	0.886	338.2195	1.040903	0.6821042	1.004376	1.159713					1	0.9222401	0.0777598	0.886	0.114			1.004376
1	0.888	338.2022	1.040064	0.6823532	1.004234	1.161					1	0.9235764	0.0764235	0.888	0.112			1.004234
1	0.89	338.185	1.039228	0.6826081	1.004095	1.162297					1	0.9249131	0.0750868	0.89	0.11			1.004095
1	0.892	338.1678	1.038397	0.682869	1.003958	1.163604					1	0.9262501	0.0737498	0.892	0.108			1.003958
1	0.894	338.1507	1.03757	0.6831359	1.003822	1.16492					1	0.9275876	0.0724124	0.894	0.106			1.003822
1	0.896	338.1336	1.036747	0.6834089	1.003689	1.166245					1	0.9289255	0.0710745	0.896	0.104			1.003689
1	0.898	338.1165	1.035929	0.6836879	1.003558	1.167581					1	0.9302638	0.0697361	0.898	0.102			1.003558
1	0.9	338.0995	1.035114	0.683973	1.003429	1.168927					1	0.9316027	0.0683973	0.9	0.1			1.003429
1	0.902	338.0825	1.034304	0.6842643	1.003301	1.170282					1	0.9329421	0.0670579	0.902	0.098			1.003301
1	0.904	338.0656	1.033498	0.6845617	1.003176	1.171648					1	0.9342821	0.0657179	0.904	0.096			1.003176
1	0.906	338.04867	1.032696	0.6848654	1.003053	1.173024					1	0.9356227	0.0643773	0.906	0.094			1.003053
1	0.908	338.03181	1.031899	0.6851753	1.002932	1.17441					1	0.9369639	0.0630361	0.908	0.092			1.002932
1	0.91	338.01498	1.031105	0.6854915	1.002814	1.175807					1	0.9383058	0.0616942	0.91	0.09			1.002814
1	0.912	337.99819	1.030316	0.685814	1.002697	1.177214					1	0.9396484	0.0603516	0.912	0.088			1.002697
1	0.914	337.98143	1.029531	0.6861429	1.002583	1.178631					1	0.9409917	0.0590082	0.914	0.086			1.002583
1	0.916	337.96472	1.028751	0.6864781	1.00247	1.180059					1	0.9423358	0.0576641	0.916	0.084			1.00247
1	0.918	337.94805	1.027975	0.6868199	1.00236	1.181498					1	0.9436808	0.0563192	0.918	0.082			1.00236
1	0.92	337.93141	1.027203	0.6871681	1.002252	1.182947					1	0.9450266	0.0549734	0.92	0.08			1.002252
1	0.922	337.91481	1.026435	0.6875228	1.002147	1.184408					1	0.9463732	0.0536267	0.922	0.078			1.002147
1	0.924	337.89825	1.025672	0.687884	1.002044	1.185879					1	0.9477208	0.0522791	0.924	0.076			1.002044
1	0.926	337.88173	1.024913	0.6882519	1.001943	1.187362					1	0.9490694	0.0509306	0.926	0.074			1.001943
1	0.928	337.86524	1.024158	0.6886264	1.001844	1.188855					1	0.9504189	0.0495811	0.928	0.072			1.001844
1	0.93	337.8488	1.023408	0.6890076	1.001747	1.19036					1	0.9517695	0.0482305	0.93	0.07			1.001747
1	0.932	337.83239	1.022662	0.6893956	1.001653	1.191876					1	0.9531211	0.0468789	0.932	0.068			1.001653
1	0.934	337.81602	1.021921	0.6897903	1.001562	1.193403					1	0.9544738	0.0455261	0.934	0.066			1.001562
1	0.936	337.79969	1.021183	0.6901918	1.001472	1.194942					1	0.9558277	0.0441722	0.936	0.064			1.001472
1	0.938	337.7834	1.020451	0.6906001	1.001385	1.196493					1	0.9571828	0.0428172	0.938	0.062			1.001385
1	0.94	337.7671	1.019722	0.6910154	1.001301	1.198055					1	0.9585391	0.0414609	0.94	0.06			1.001301
1	0.942	337.7509	1.018999	0.6914376	1.001219	1.199629					1	0.9598966	0.0401033	0.942	0.058			1.001219
1	0.944	337.7347	1.018279	0.6918668	1.001139	1.201215					1	0.9612555	0.0387445	0.944	0.056			1.001139
1	0.946	337.7186	1.017564	0.692303	1.001062	1.202813					1	0.9626156	0.0373843	0.946	0.054			1.001062
1	0.948	337.7025	1.016854	0.6927464	1.000988	1.204423					1	0.9639772	0.0360228	0.948	0.052			1.000988
1	0.95	337.6864	1.016148	0.6931968	1.000916	1.206045					1	0.9653402	0.0346598	0.95	0.05			1.000916
1	0.952	337.6704	1.015446	0.6936545	1.000846	1.20768					1	0.9667046	0.0332954	0.952	0.048			1.000846
1	0.954	337.6544	1.014749	0.6941196	1.000779	1.209327					1	0.9680704	0.0319295	0.954	0.046			1.000779
1	0.956	337.63848	1.014057	0.6945917	1.000715	1.210986					1	0.9694379	0.0305621	0.956	0.044			1.000715
1	0.958	337.62257	1.013369	0.6950712	1.000653	1.212658					1	0.970807	0.029193	0.958	0.042			1.000653
1	0.96	337.6067	1.012685	0.695558	1.000594	1.214343					1	0.9721776	0.0278223	0.96	0.04			1.000594
1	0.962	337.59086	1.012007	0.6960523	1.000537	1.21604					1	0.97355	0.02645	0.962	0.038			1.000537
1	0.964	337.57507	1.011332	0.6965541	1.000484	1.217751					1	0.974924	0.0250759	0.964	0.036			1.000484
1	0.966	337.55931	1.010663	0.6970633	1.000433	1.219474					1	0.9762998	0.0237001	0.966	0.034			1.000433
1	0.968	337.54359	1.009998	0.6975802	1.000384	1.221211					1	0.9776774	0.0223226	0.968	0.032			1.000384
1	0.97	337.5279	1.009337	0.6981048	1.000339	1.222961					1	0.9790568	0.0209431	0.97	0.03			1.000339
1	0.972	337.51226	1.008681	0.698637	1.000296	1.224724					1	0.9804381	0.0195618	0.972	0.028			1.000296
1	0.974	337.49666	1.00803	0.6991769	1.000256	1.226501					1	0.9818214	0.0181786	0.974	0.026			1.000256
1	0.976	337.48109	1.007384	0.6997247	1.000219	1.228291					1	0.9832066	0.0167934	0.976	0.024			1.000219
1	0.978	337.46556	1.006742	0.7002804	1.000184	1.230096					1	0.9845938	0.0154061	0.978	0.022			1.000184
1	0.98	337.45007	1.006105	0.7008439	1.000153	1.231913					1	0.9859831	0.0140168	0.98	0.02			1.000153
1	0.982	337.43462	1.005473	0.7014155	1.000124	1.233745					1	0.9873745	0.0126254	0.982	0.018			1.000124
1	0.984	337.41921	1.004846	0.701995	1.000098	1.235591					1	0.9887681	0.0112319	0.984	0.016			1.000098
1	0.986	337.40384	1.004223	0.7025827	1.000075	1.237452					1	0.9901638	0.00983616	0.986	0.014			1.000075
1	0.988	337.3885	1.003605	0.7031786	1.000056	1.239326					1	0.9915619	0.00843815	0.988	0.012			1.000056
1	0.99	337.37321	1.002992	0.7037826	1.000039	1.241215					1	0.9929622	0.00703783	0.99	0.01			1.000039
1	0.992	337.35795	1.002384	0.704395	1.000025	1.243119					1	0.9943648	0.00563516	0.992	0.008			1.000025
1	0.994	337.34273	1.001781	0.7050156	1.000014	1.245037					1	0.9957699	0.0042301	0.994	0.006			1.000014
1	0.996	337.32756	1.001182	0.7056447	1.000006	1.24697					1	0.9971774	0.00282258	0.996	0.004			1.000006
1	0.998	337.31242	1.000589	0.7062823	1.000002	1.248918					1	0.9985874	0.00141257	0.998	0.002			1.000002
1	1	337.29732	1	0.7069283	1	1.250882					1	1	0	1	0			1