PRES	MOLEFRAC ACETO-01	TOTAL TEMP	TOTAL KVL ACETO-01	TOTAL KVL ETHAN-01	LIQUID1 GAMMA ACETO-01	LIQUID1 GAMMA ETHAN-01	LIQUID2 GAMMA ACETO-01	LIQUID2 GAMMA ETHAN-01	TOTAL KVL2 ACETO-01	TOTAL KVL2 ETHAN-01	TOTAL BETA	VAPOR MOLEFRAC ACETO-01	VAPOR MOLEFRAC ETHAN-01	LIQUID1 MOLEFRAC ACETO-01	LIQUID1 MOLEFRAC ETHAN-01	LIQUID2 MOLEFRAC ACETO-01	LIQUID2 MOLEFRAC ETHAN-01	LIQUID GAMMA ETHAN-01
bar		C															
1	0	78.0182	4.33396	1	2.185908	1					1	0	1	0	1			1
1	0.002	77.84781	4.299585	0.9933876	2.179018	1.000004					1	0.00859917	0.9914008	0.002	0.998			1.000004
1	0.004	77.67917	4.265683	0.9868848	2.172157	1.000014					1	0.0170627	0.9829373	0.004	0.996			1.000014
1	0.006	77.51226	4.232247	0.9804895	2.165326	1.000032					1	0.0253934	0.9746065	0.006	0.994			1.000032
1	0.008	77.34706	4.199267	0.9741995	2.158525	1.000057					1	0.0335941	0.9664059	0.008	0.992			1.000057
1	0.01	77.18356	4.166737	0.9680128	2.151753	1.000089					1	0.0416673	0.9583326	0.01	0.99			1.000089
1	0.012	77.02172	4.134648	0.9619274	2.145011	1.000128					1	0.0496157	0.9503842	0.012	0.988			1.000128
1	0.014	76.86153	4.102992	0.9559413	2.138298	1.000174					1	0.0574418	0.9425581	0.014	0.986			1.000174
1	0.016	76.70297	4.071762	0.9500527	2.131616	1.000227					1	0.0651481	0.9348518	0.016	0.984			1.000227
1	0.018	76.54602	4.04095	0.9442596	2.124962	1.000288					1	0.0727371	0.9272629	0.018	0.982			1.000288
1	0.02	76.39065	4.01055	0.9385602	2.118339	1.000355					1	0.0802109	0.919789	0.02	0.98			1.000355
1	0.022	76.23686	3.980553	0.9329528	2.111745	1.00043					1	0.0875721	0.9124278	0.022	0.978			1.00043
1	0.024	76.08462	3.950954	0.9274356	2.105181	1.000511					1	0.0948228	0.9051771	0.024	0.976			1.000511
1	0.026	75.93392	3.921745	0.9220068	2.098647	1.0006					1	0.1019654	0.8980346	0.026	0.974			1.0006
1	0.028	75.78472	3.892919	0.9166649	2.092142	1.000695					1	0.1090017	0.8909983	0.028	0.972			1.000695
1	0.03	75.63702	3.86447	0.9114081	2.085666	1.000798					1	0.1159341	0.8840659	0.03	0.97			1.000798
1	0.032	75.4908	3.836392	0.906235	2.079221	1.000908					1	0.1227646	0.8772354	0.032	0.968			1.000908
1	0.034	75.34604	3.808679	0.9011438	2.072805	1.001025					1	0.1294951	0.8705049	0.034	0.966			1.001025
1	0.036	75.20272	3.781323	0.8961332	2.066418	1.001149					1	0.1361276	0.8638724	0.036	0.964			1.001149
1	0.038	75.06082	3.754319	0.8912015	2.060061	1.00128					1	0.1426641	0.8573359	0.038	0.962			1.00128
1	0.04	74.92033	3.727661	0.8863475	2.053733	1.001418					1	0.1491064	0.8508936	0.04	0.96			1.001418
1	0.042	74.78123	3.701344	0.8815695	2.047435	1.001563					1	0.1554564	0.8445436	0.042	0.958			1.001563
1	0.044	74.6435	3.675361	0.8768662	2.041166	1.001715					1	0.1617159	0.8382841	0.044	0.956			1.001715
1	0.046	74.50713	3.649707	0.8722364	2.034927	1.001874					1	0.1678865	0.8321135	0.046	0.954			1.001874
1	0.048	74.37209	3.624376	0.8676785	2.028716	1.00204					1	0.1739701	0.8260299	0.048	0.952			1.00204
1	0.05	74.23838	3.599364	0.8631914	2.022535	1.002213					1	0.1799682	0.8200318	0.05	0.95			1.002213
1	0.052	74.10598	3.574664	0.8587737	2.016384	1.002393					1	0.1858826	0.8141175	0.052	0.948			1.002393
1	0.054	73.97486	3.550272	0.8544242	2.010261	1.00258					1	0.1917147	0.8082853	0.054	0.946			1.00258
1	0.056	73.84503	3.526183	0.8501417	2.004167	1.002774					1	0.1974663	0.8025337	0.056	0.944			1.002774
1	0.058	73.71645	3.502392	0.8459249	1.998103	1.002975					1	0.2031387	0.7968613	0.058	0.942			1.002975
1	0.06	73.58911	3.478893	0.8417728	1.992067	1.003184					1	0.2087336	0.7912664	0.06	0.94			1.003184
1	0.062	73.46301	3.455682	0.8376841	1.986061	1.003399					1	0.2142523	0.7857477	0.062	0.938			1.003399
1	0.064	73.33812	3.432755	0.8336578	1.980083	1.003621					1	0.2196963	0.7803037	0.064	0.936			1.003621
1	0.066	73.21442	3.410106	0.8296927	1.974134	1.00385					1	0.225067	0.774933	0.066	0.934			1.00385
1	0.068	73.09192	3.387732	0.8257878	1.968214	1.004086					1	0.2303658	0.7696342	0.068	0.932			1.004086
1	0.07	72.97058	3.365628	0.821942	1.962323	1.004329					1	0.235594	0.764406	0.07	0.93			1.004329
1	0.072	72.8504	3.343789	0.8181543	1.95646	1.004579					1	0.2407528	0.7592472	0.072	0.928			1.004579
1	0.074	72.73136	3.322211	0.8144237	1.950625	1.004836					1	0.2458437	0.7541563	0.074	0.926			1.004836
1	0.076	72.61345	3.300891	0.8107492	1.94482	1.005101					1	0.2508677	0.7491323	0.076	0.924			1.005101
1	0.078	72.49666	3.279824	0.8071299	1.939042	1.005372					1	0.2558263	0.7441737	0.078	0.922			1.005372
1	0.08	72.38096	3.259005	0.8035648	1.933293	1.00565					1	0.2607204	0.7392796	0.08	0.92			1.00565
1	0.082	72.26636	3.238432	0.8000529	1.927572	1.005935					1	0.2655515	0.7344485	0.082	0.918			1.005935
1	0.084	72.15283	3.2181	0.7965934	1.921879	1.006227					1	0.2703204	0.7296795	0.084	0.916			1.006227
1	0.086	72.04036	3.198006	0.7931854	1.916214	1.006526					1	0.2750285	0.7249715	0.086	0.914			1.006526
1	0.088	71.92894	3.178146	0.7898281	1.910578	1.006832					1	0.2796768	0.7203232	0.088	0.912			1.006832
1	0.09	71.81856	3.158515	0.7865205	1.904969	1.007144					1	0.2842664	0.7157336	0.09	0.91			1.007144
1	0.092	71.7092	3.139111	0.7832618	1.899388	1.007464					1	0.2887983	0.7112017	0.092	0.908			1.007464
1	0.094	71.60085	3.119931	0.7800513	1.893835	1.007791					1	0.2932735	0.7067265	0.094	0.906			1.007791
1	0.096	71.4935	3.10097	0.7768882	1.888309	1.008125					1	0.2976931	0.7023069	0.096	0.904			1.008125
1	0.098	71.38714	3.082225	0.7737716	1.882811	1.008466					1	0.3020581	0.6979419	0.098	0.902			1.008466
1	0.1	71.28175	3.063693	0.7707007	1.877341	1.008813					1	0.3063694	0.6936306	0.1	0.9			1.008813
1	0.102	71.17733	3.045372	0.767675	1.871898	1.009168					1	0.3106279	0.6893721	0.102	0.898			1.009168
1	0.104	71.07386	3.027256	0.7646935	1.866482	1.00953					1	0.3148347	0.6851653	0.104	0.896			1.00953
1	0.106	70.97134	3.009344	0.7617556	1.861093	1.009898					1	0.3189905	0.6810095	0.106	0.894			1.009898
1	0.108	70.86974	2.991633	0.7588606	1.855732	1.010274					1	0.3230963	0.6769037	0.108	0.892			1.010274
1	0.11	70.76906	2.974118	0.7560079	1.850398	1.010656					1	0.327153	0.672847	0.11	0.89			1.010656
1	0.112	70.66928	2.956798	0.7531966	1.84509	1.011046					1	0.3311614	0.6688386	0.112	0.888			1.011046
1	0.114	70.57041	2.93967	0.7504262	1.839809	1.011442					1	0.3351224	0.6648776	0.114	0.886			1.011442
1	0.116	70.47242	2.92273	0.747696	1.834556	1.011846					1	0.3390367	0.6609633	0.116	0.884			1.011846
1	0.118	70.3753	2.905976	0.7450054	1.829328	1.012256					1	0.3429052	0.6570948	0.118	0.882			1.012256
1	0.12	70.27906	2.889406	0.7423538	1.824128	1.012673					1	0.3467287	0.6532713	0.12	0.88			1.012673
1	0.122	70.18366	2.873015	0.7397405	1.818954	1.013097					1	0.3505079	0.6494921	0.122	0.878			1.013097
1	0.124	70.08911	2.856803	0.7371649	1.813806	1.013529					1	0.3542436	0.6457565	0.124	0.876			1.013529
1	0.126	69.9954	2.840765	0.7346266	1.808684	1.013967					1	0.3579364	0.6420636	0.126	0.874			1.013967
1	0.128	69.90251	2.8249	0.7321248	1.803589	1.014412					1	0.3615873	0.6384127	0.128	0.872			1.014412
1	0.13	69.81043	2.809205	0.729659	1.79852	1.014864					1	0.3651967	0.6348033	0.13	0.87			1.014864
1	0.132	69.71916	2.793678	0.7272287	1.793476	1.015323					1	0.3687656	0.6312344	0.132	0.868			1.015323
1	0.134	69.62869	2.778316	0.7248333	1.788459	1.015789					1	0.3722944	0.6277056	0.134	0.866			1.015789
1	0.136	69.539	2.763117	0.7224723	1.783467	1.016262					1	0.375784	0.624216	0.136	0.864			1.016262
1	0.138	69.45009	2.748079	0.7201452	1.778501	1.016742					1	0.3792349	0.6207651	0.138	0.862			1.016742
1	0.14	69.36195	2.733198	0.7178515	1.77356	1.017228					1	0.3826478	0.6173522	0.14	0.86			1.017228
1	0.142	69.27457	2.718474	0.7155906	1.768645	1.017722					1	0.3860233	0.6139767	0.142	0.858			1.017722
1	0.144	69.18794	2.703903	0.7133621	1.763756	1.018223					1	0.3893621	0.6106379	0.144	0.856			1.018223
1	0.146	69.10205	2.689484	0.7111655	1.758891	1.018731					1	0.3926647	0.6073353	0.146	0.854			1.018731
1	0.148	69.01689	2.675214	0.7090004	1.754052	1.019245					1	0.3959317	0.6040683	0.148	0.852			1.019245
1	0.15	68.93246	2.661092	0.7068662	1.749238	1.019767					1	0.3991638	0.6008362	0.15	0.85			1.019767
1	0.152	68.84874	2.647115	0.7047625	1.744449	1.020296					1	0.4023615	0.5976385	0.152	0.848			1.020296
1	0.154	68.76573	2.633281	0.7026888	1.739684	1.020831					1	0.4055253	0.5944747	0.154	0.846			1.020831
1	0.156	68.68342	2.619588	0.7006448	1.734945	1.021374					1	0.4086558	0.5913442	0.156	0.844			1.021374
1	0.158	68.6018	2.606035	0.69863	1.73023	1.021923					1	0.4117536	0.5882464	0.158	0.842			1.021923
1	0.16	68.52086	2.592619	0.6966439	1.725539	1.02248					1	0.4148191	0.5851809	0.16	0.84			1.02248
1	0.162	68.4406	2.579339	0.6946863	1.720873	1.023043					1	0.417853	0.582147	0.162	0.838			1.023043
1	0.164	68.361	2.566192	0.6927565	1.716231	1.023614					1	0.4208556	0.5791444	0.164	0.836			1.023614
1	0.166	68.28207	2.553178	0.6908544	1.711614	1.024191					1	0.4238275	0.5761725	0.166	0.834			1.024191
1	0.168	68.20379	2.540293	0.6889794	1.70702	1.024776					1	0.4267692	0.5732308	0.168	0.832			1.024776
1	0.17	68.12615	2.527536	0.6871312	1.702451	1.025367					1	0.4296812	0.5703188	0.17	0.83			1.025367
1	0.172	68.04915	2.514906	0.6853094	1.697905	1.025966					1	0.4325639	0.5674361	0.172	0.828			1.025966
1	0.174	67.97278	2.502401	0.6835136	1.693383	1.026571					1	0.4354178	0.5645822	0.174	0.826			1.026571
1	0.176	67.89703	2.490019	0.6817436	1.688885	1.027184					1	0.4382433	0.5617567	0.176	0.824			1.027184
1	0.178	67.82189	2.477758	0.6799988	1.684411	1.027803					1	0.441041	0.558959	0.178	0.822			1.027803
1	0.18	67.74737	2.465618	0.6782791	1.67996	1.02843					1	0.4438112	0.5561888	0.18	0.82			1.02843
1	0.182	67.67344	2.453595	0.676584	1.675532	1.029063					1	0.4465544	0.5534456	0.182	0.818			1.029063
1	0.184	67.60011	2.44169	0.6749131	1.671128	1.029704					1	0.4492709	0.5507291	0.184	0.816			1.029704
1	0.186	67.52737	2.429899	0.6732663	1.666746	1.030352					1	0.4519613	0.5480387	0.186	0.814			1.030352
1	0.188	67.45521	2.418222	0.6716431	1.662388	1.031006					1	0.4546258	0.5453742	0.188	0.812			1.031006
1	0.19	67.38362	2.406658	0.6700432	1.658053	1.031668					1	0.457265	0.542735	0.19	0.81			1.031668
1	0.192	67.3126	2.395204	0.6684664	1.653741	1.032336					1	0.4598792	0.5401208	0.192	0.808			1.032336
1	0.194	67.24214	2.383859	0.6669123	1.649451	1.033012					1	0.4624688	0.5375312	0.194	0.806			1.033012
1	0.196	67.17224	2.372623	0.6653805	1.645184	1.033695					1	0.4650341	0.5349659	0.196	0.804			1.033695
1	0.198	67.10289	2.361493	0.6638709	1.64094	1.034385					1	0.4675755	0.5324245	0.198	0.802			1.034385
1	0.2	67.03407	2.350467	0.6623832	1.636718	1.035082					1	0.4700935	0.5299065	0.2	0.8			1.035082
1	0.202	66.9658	2.339546	0.6609169	1.632518	1.035786					1	0.4725883	0.5274117	0.202	0.798			1.035786
1	0.204	66.89805	2.328727	0.659472	1.62834	1.036497					1	0.4750604	0.5249396	0.204	0.796			1.036497
1	0.206	66.83083	2.318009	0.658048	1.624185	1.037215					1	0.4775099	0.5224901	0.206	0.794			1.037215
1	0.208	66.76413	2.307391	0.6566447	1.620052	1.03794					1	0.4799374	0.5200626	0.208	0.792			1.03794
1	0.21	66.69794	2.296872	0.6552619	1.61594	1.038672					1	0.4823431	0.5176569	0.21	0.79			1.038672
1	0.212	66.63225	2.28645	0.6538993	1.611851	1.039411					1	0.4847274	0.5152726	0.212	0.788			1.039411
1	0.214	66.56707	2.276124	0.6525566	1.607783	1.040158					1	0.4870905	0.5129095	0.214	0.786			1.040158
1	0.216	66.50238	2.265893	0.6512336	1.603736	1.040911					1	0.4894329	0.5105671	0.216	0.784			1.040911
1	0.218	66.43818	2.255756	0.6499301	1.599712	1.041672					1	0.4917547	0.5082453	0.218	0.782			1.041672
1	0.22	66.37447	2.245711	0.6486457	1.595708	1.04244					1	0.4940564	0.5059436	0.22	0.78			1.04244
1	0.222	66.31124	2.235757	0.6473803	1.591726	1.043215					1	0.4963382	0.5036618	0.222	0.778			1.043215
1	0.224	66.24848	2.225894	0.6461336	1.587765	1.043997					1	0.4986003	0.5013997	0.224	0.776			1.043997
1	0.226	66.18619	2.21612	0.6449055	1.583825	1.044786					1	0.5008432	0.4991568	0.226	0.774			1.044786
1	0.228	66.12436	2.206434	0.6436955	1.579906	1.045582					1	0.5030671	0.4969329	0.228	0.772			1.045582
1	0.23	66.06299	2.196836	0.6425037	1.576008	1.046386					1	0.5052722	0.4947278	0.23	0.77			1.046386
1	0.232	66.00207	2.187323	0.6413296	1.572131	1.047197					1	0.5074589	0.4925411	0.232	0.768			1.047197
1	0.234	65.9416	2.177895	0.6401732	1.568274	1.048015					1	0.5096274	0.4903726	0.234	0.766			1.048015
1	0.236	65.88157	2.16855	0.6390342	1.564439	1.04884					1	0.5117779	0.4882221	0.236	0.764			1.04884
1	0.238	65.82198	2.159289	0.6379124	1.560623	1.049672					1	0.5139108	0.4860892	0.238	0.762			1.049672
1	0.24	65.76283	2.15011	0.6368075	1.556828	1.050511					1	0.5160263	0.4839737	0.24	0.76			1.050511
1	0.242	65.7041	2.141011	0.6357195	1.553053	1.051358					1	0.5181247	0.4818753	0.242	0.758			1.051358
1	0.244	65.6458	2.131992	0.634648	1.549299	1.052212					1	0.5202061	0.4797939	0.244	0.756			1.052212
1	0.246	65.58791	2.123052	0.633593	1.545564	1.053073					1	0.5222709	0.4777291	0.246	0.754			1.053073
1	0.248	65.53045	2.114191	0.6325541	1.54185	1.053941					1	0.5243193	0.4756807	0.248	0.752			1.053941
1	0.25	65.47339	2.105406	0.6315313	1.538155	1.054817					1	0.5263515	0.4736485	0.25	0.75			1.054817
1	0.252	65.41673	2.096698	0.6305244	1.53448	1.055699					1	0.5283678	0.4716322	0.252	0.748			1.055699
1	0.254	65.36048	2.088064	0.629533	1.530825	1.05659					1	0.5303684	0.4696316	0.254	0.746			1.05659
1	0.256	65.30462	2.079506	0.6285572	1.527189	1.057487					1	0.5323535	0.4676465	0.256	0.744			1.057487
1	0.258	65.24916	2.07102	0.6275967	1.523573	1.058391					1	0.5343233	0.4656767	0.258	0.742			1.058391
1	0.26	65.19408	2.062608	0.6266513	1.519977	1.059303					1	0.5362781	0.4637219	0.26	0.74			1.059303
1	0.262	65.13939	2.054267	0.6257209	1.516399	1.060223					1	0.538218	0.461782	0.262	0.738			1.060223
1	0.264	65.08508	2.045998	0.6248052	1.512841	1.061149					1	0.5401434	0.4598566	0.264	0.736			1.061149
1	0.266	65.03114	2.037798	0.6239043	1.509302	1.062083					1	0.5420543	0.4579457	0.266	0.734			1.062083
1	0.268	64.97758	2.029668	0.6230177	1.505782	1.063024					1	0.543951	0.456049	0.268	0.732			1.063024
1	0.27	64.92438	2.021607	0.6221456	1.502281	1.063973					1	0.5458338	0.4541662	0.27	0.73			1.063973
1	0.272	64.87155	2.013613	0.6212875	1.498799	1.064928					1	0.5477027	0.4522973	0.272	0.728			1.064928
1	0.274	64.81907	2.005686	0.6204435	1.495336	1.065892					1	0.549558	0.450442	0.274	0.726			1.065892
1	0.276	64.76695	1.997826	0.6196134	1.491891	1.066862					1	0.5514	0.4486	0.276	0.724			1.066862
1	0.278	64.71519	1.990031	0.6187969	1.488465	1.06784					1	0.5532287	0.4467713	0.278	0.722			1.06784
1	0.28	64.66377	1.982301	0.617994	1.485057	1.068826					1	0.5550443	0.4449557	0.28	0.72			1.068826
1	0.282	64.61269	1.974635	0.6172046	1.481668	1.069819					1	0.5568471	0.4431529	0.282	0.718			1.069819
1	0.284	64.56196	1.967033	0.6164284	1.478297	1.070819					1	0.5586373	0.4413627	0.284	0.716			1.070819
1	0.286	64.51156	1.959493	0.6156654	1.474944	1.071826					1	0.5604149	0.4395851	0.286	0.714			1.071826
1	0.288	64.4615	1.952015	0.6149154	1.471609	1.072842					1	0.5621803	0.4378197	0.288	0.712			1.072842
1	0.29	64.41177	1.944598	0.6141783	1.468292	1.073864					1	0.5639335	0.4360665	0.29	0.71			1.073864
1	0.292	64.36236	1.937242	0.6134539	1.464993	1.074894					1	0.5656747	0.4343253	0.292	0.708			1.074894
1	0.294	64.31328	1.929946	0.6127421	1.461712	1.075932					1	0.5674041	0.4325959	0.294	0.706			1.075932
1	0.296	64.26451	1.922709	0.6120428	1.458449	1.076977					1	0.5691219	0.4308781	0.296	0.704			1.076977
1	0.298	64.21606	1.915531	0.6113559	1.455204	1.078029					1	0.5708282	0.4291718	0.298	0.702			1.078029
1	0.3	64.16793	1.908411	0.6106812	1.451976	1.079089					1	0.5725232	0.4274768	0.3	0.7			1.079089
1	0.302	64.1201	1.901348	0.6100186	1.448765	1.080157					1	0.574207	0.425793	0.302	0.698			1.080157
1	0.304	64.07258	1.894342	0.6093681	1.445572	1.081232					1	0.5758798	0.4241202	0.304	0.696			1.081232
1	0.306	64.02536	1.887392	0.6087294	1.442396	1.082315					1	0.5775418	0.4224582	0.306	0.694			1.082315
1	0.308	63.97845	1.880497	0.6081025	1.439237	1.083405					1	0.5791931	0.4208069	0.308	0.692			1.083405
1	0.31	63.93182	1.873658	0.6074872	1.436096	1.084503					1	0.5808339	0.4191661	0.31	0.69			1.084503
1	0.312	63.8855	1.866872	0.6068835	1.432971	1.085608					1	0.5824642	0.4175358	0.312	0.688			1.085608
1	0.314	63.83946	1.860141	0.6062912	1.429864	1.086721					1	0.5840843	0.4159157	0.314	0.686			1.086721
1	0.316	63.79371	1.853463	0.6057102	1.426773	1.087842					1	0.5856942	0.4143058	0.316	0.684			1.087842
1	0.318	63.74824	1.846837	0.6051404	1.4237	1.088971					1	0.5872942	0.4127058	0.318	0.682			1.088971
1	0.32	63.70305	1.840264	0.6045818	1.420643	1.090107					1	0.5888844	0.4111156	0.32	0.68			1.090107
1	0.322	63.65815	1.833742	0.6040342	1.417602	1.09125					1	0.5904649	0.4095351	0.322	0.678			1.09125
1	0.324	63.61352	1.827271	0.6034974	1.414578	1.092402					1	0.5920358	0.4079642	0.324	0.676			1.092402
1	0.326	63.56916	1.82085	0.6029715	1.411571	1.093561					1	0.5935972	0.4064028	0.326	0.674			1.093561
1	0.328	63.52507	1.81448	0.6024563	1.40858	1.094728					1	0.5951494	0.4048506	0.328	0.672			1.094728
1	0.33	63.48125	1.808159	0.6019517	1.405605	1.095902					1	0.5966924	0.4033076	0.33	0.67			1.095902
1	0.332	63.43769	1.801887	0.6014576	1.402647	1.097085					1	0.5982263	0.4017737	0.332	0.668			1.097085
1	0.334	63.39439	1.795663	0.6009739	1.399704	1.098275					1	0.5997514	0.4002486	0.334	0.666			1.098275
1	0.336	63.35135	1.789487	0.6005006	1.396778	1.099473					1	0.6012676	0.3987324	0.336	0.664			1.099473
1	0.338	63.30857	1.783359	0.6000375	1.393868	1.100679					1	0.6027752	0.3972248	0.338	0.662			1.100679
1	0.34	63.26604	1.777277	0.5995845	1.390973	1.101892					1	0.6042742	0.3957258	0.34	0.66			1.101892
1	0.342	63.22376	1.771242	0.5991417	1.388094	1.103113					1	0.6057648	0.3942352	0.342	0.658			1.103113
1	0.344	63.18173	1.765253	0.5987088	1.385232	1.104343					1	0.6072471	0.3927529	0.344	0.656			1.104343
1	0.346	63.13994	1.75931	0.5982857	1.382384	1.10558					1	0.6087211	0.3912789	0.346	0.654			1.10558
1	0.348	63.0984	1.753411	0.5978725	1.379553	1.106825					1	0.6101871	0.3898129	0.348	0.652			1.106825
1	0.35	63.0571	1.747557	0.5974691	1.376737	1.108078					1	0.6116451	0.3883549	0.35	0.65			1.108078
1	0.352	63.01604	1.741748	0.5970752	1.373936	1.109339					1	0.6130953	0.3869047	0.352	0.648			1.109339
1	0.354	62.97521	1.735982	0.596691	1.371151	1.110607					1	0.6145377	0.3854623	0.354	0.646			1.110607
1	0.356	62.93461	1.73026	0.5963162	1.368381	1.111884					1	0.6159724	0.3840276	0.356	0.644			1.111884
1	0.358	62.89425	1.72458	0.5959508	1.365626	1.113169					1	0.6173996	0.3826004	0.358	0.642			1.113169
1	0.36	62.85412	1.718943	0.5955948	1.362886	1.114462					1	0.6188194	0.3811806	0.36	0.64			1.114462
1	0.362	62.81421	1.713348	0.595248	1.360161	1.115762					1	0.6202318	0.3797682	0.362	0.638			1.115762
1	0.364	62.77452	1.707794	0.5949104	1.357452	1.117071					1	0.621637	0.378363	0.364	0.636			1.117071
1	0.366	62.73506	1.702282	0.5945819	1.354757	1.118388					1	0.6230351	0.3769649	0.366	0.634			1.118388
1	0.368	62.69581	1.69681	0.5942624	1.352077	1.119713					1	0.6244261	0.3755739	0.368	0.632			1.119713
1	0.37	62.65678	1.691379	0.593952	1.349412	1.121046					1	0.6258103	0.3741897	0.37	0.63			1.121046
1	0.372	62.61797	1.685988	0.5936504	1.346761	1.122387					1	0.6271876	0.3728124	0.372	0.628			1.122387
1	0.374	62.57937	1.680637	0.5933577	1.344125	1.123736					1	0.6285581	0.3714419	0.374	0.626			1.123736
1	0.376	62.54098	1.675325	0.5930737	1.341504	1.125094					1	0.629922	0.370078	0.376	0.624			1.125094
1	0.378	62.5028	1.670051	0.5927984	1.338897	1.12646					1	0.6312794	0.3687206	0.378	0.622			1.12646
1	0.38	62.46483	1.664817	0.5925318	1.336305	1.127833					1	0.6326303	0.3673697	0.38	0.62			1.127833
1	0.382	62.42706	1.65962	0.5922737	1.333727	1.129215					1	0.6339749	0.3660251	0.382	0.618			1.129215
1	0.384	62.38949	1.654461	0.5920241	1.331163	1.130606					1	0.6353131	0.3646869	0.384	0.616			1.130606
1	0.386	62.35212	1.64934	0.591783	1.328613	1.132004					1	0.6366452	0.3633548	0.386	0.614			1.132004
1	0.388	62.31495	1.644256	0.5915503	1.326078	1.133411					1	0.6379712	0.3620288	0.388	0.612			1.133411
1	0.39	62.27797	1.639208	0.5913259	1.323556	1.134826					1	0.6392912	0.3607088	0.39	0.61			1.134826
1	0.392	62.24119	1.634197	0.5911098	1.321049	1.136249					1	0.6406053	0.3593947	0.392	0.608			1.136249
1	0.394	62.20461	1.629222	0.5909019	1.318555	1.137681					1	0.6419135	0.3580865	0.394	0.606			1.137681
1	0.396	62.16821	1.624283	0.5907021	1.316075	1.139121					1	0.6432159	0.3567841	0.396	0.604			1.139121
1	0.398	62.132	1.619379	0.5905105	1.313609	1.14057					1	0.6445127	0.3554873	0.398	0.602			1.14057
1	0.4	62.09598	1.61451	0.5903268	1.311157	1.142026					1	0.6458039	0.3541961	0.4	0.6			1.142026
1	0.402	62.06014	1.609676	0.5901512	1.308718	1.143492					1	0.6470896	0.3529104	0.402	0.598			1.143492
1	0.404	62.02449	1.604876	0.5899835	1.306293	1.144966					1	0.6483698	0.3516302	0.404	0.596			1.144966
1	0.406	61.98902	1.60011	0.5898237	1.303882	1.146448					1	0.6496447	0.3503553	0.406	0.594			1.146448
1	0.408	61.95372	1.595378	0.5896717	1.301484	1.147938					1	0.6509143	0.3490857	0.408	0.592			1.147938
1	0.41	61.91861	1.59068	0.5895275	1.299099	1.149438					1	0.6521788	0.3478212	0.41	0.59			1.149438
1	0.412	61.88367	1.586015	0.5893911	1.296728	1.150946					1	0.6534381	0.3465619	0.412	0.588			1.150946
1	0.414	61.8489	1.581382	0.5892623	1.29437	1.152462					1	0.6546923	0.3453077	0.414	0.586			1.152462
1	0.416	61.81431	1.576783	0.5891411	1.292025	1.153987					1	0.6559416	0.3440584	0.416	0.584			1.153987
1	0.418	61.77988	1.572215	0.5890276	1.289693	1.15552					1	0.657186	0.342814	0.418	0.582			1.15552
1	0.42	61.74563	1.56768	0.5889215	1.287374	1.157063					1	0.6584255	0.3415745	0.42	0.58			1.157063
1	0.422	61.71154	1.563176	0.588823	1.285069	1.158613					1	0.6596603	0.3403397	0.422	0.578			1.158613
1	0.424	61.67762	1.558704	0.5887319	1.282776	1.160173					1	0.6608904	0.3391096	0.424	0.576			1.160173
1	0.426	61.64387	1.554263	0.5886482	1.280496	1.161741					1	0.6621159	0.3378841	0.426	0.574			1.161741
1	0.428	61.61027	1.549853	0.5885719	1.278229	1.163318					1	0.6633369	0.3366631	0.428	0.572			1.163318
1	0.43	61.57684	1.545473	0.5885029	1.275975	1.164904					1	0.6645534	0.3354466	0.43	0.57			1.164904
1	0.432	61.54356	1.541124	0.5884412	1.273733	1.166499					1	0.6657654	0.3342346	0.432	0.568			1.166499
1	0.434	61.51045	1.536804	0.5883867	1.271504	1.168102					1	0.6669732	0.3330268	0.434	0.566			1.168102
1	0.436	61.47749	1.532515	0.5883394	1.269288	1.169714					1	0.6681766	0.3318234	0.436	0.564			1.169714
1	0.438	61.44468	1.528255	0.5882992	1.267084	1.171335					1	0.6693759	0.3306241	0.438	0.562			1.171335
1	0.44	61.41203	1.524025	0.5882662	1.264893	1.172965					1	0.670571	0.329429	0.44	0.56			1.172965
1	0.442	61.37953	1.519823	0.5882402	1.262714	1.174604					1	0.671762	0.328238	0.442	0.558			1.174604
1	0.444	61.34719	1.515651	0.5882213	1.260547	1.176252					1	0.672949	0.327051	0.444	0.556			1.176252
1	0.446	61.31499	1.511507	0.5882093	1.258393	1.177909					1	0.674132	0.325868	0.446	0.554			1.177909
1	0.448	61.28293	1.507391	0.5882044	1.256251	1.179575					1	0.6753112	0.3246888	0.448	0.552			1.179575
1	0.45	61.25103	1.503303	0.5882063	1.254121	1.18125					1	0.6764865	0.3235135	0.45	0.55			1.18125
1	0.452	61.21927	1.499244	0.5882152	1.252003	1.182933					1	0.6776581	0.3223419	0.452	0.548			1.182933
1	0.454	61.18765	1.495211	0.5882309	1.249897	1.184626					1	0.6788259	0.3211741	0.454	0.546			1.184626
1	0.456	61.15617	1.491206	0.5882534	1.247803	1.186328					1	0.6799901	0.3200099	0.456	0.544			1.186328
1	0.458	61.12484	1.487229	0.5882827	1.245721	1.18804					1	0.6811508	0.3188492	0.458	0.542			1.18804
1	0.46	61.09364	1.483278	0.5883188	1.243652	1.18976					1	0.6823079	0.3176921	0.46	0.54			1.18976
1	0.462	61.06259	1.479354	0.5883616	1.241593	1.19149					1	0.6834615	0.3165385	0.462	0.538			1.19149
1	0.464	61.03167	1.475456	0.5884111	1.239547	1.193228					1	0.6846117	0.3153883	0.464	0.536			1.193228
1	0.466	61.00088	1.471585	0.5884672	1.237513	1.194976					1	0.6857585	0.3142415	0.466	0.534			1.194976
1	0.468	60.97023	1.467739	0.58853	1.23549	1.196734					1	0.686902	0.313098	0.468	0.532			1.196734
1	0.47	60.93972	1.46392	0.5885994	1.233478	1.1985					1	0.6880423	0.3119577	0.47	0.53			1.1985
1	0.472	60.90933	1.460126	0.5886753	1.231479	1.200276					1	0.6891794	0.3108206	0.472	0.528			1.200276
1	0.474	60.87908	1.456357	0.5887578	1.229491	1.202062					1	0.6903134	0.3096866	0.474	0.526			1.202062
1	0.476	60.84895	1.452614	0.5888468	1.227514	1.203856					1	0.6914443	0.3085557	0.476	0.524			1.203856
1	0.478	60.81895	1.448896	0.5889423	1.225548	1.205661					1	0.6925721	0.3074279	0.478	0.522			1.205661
1	0.48	60.78908	1.445202	0.5890442	1.223595	1.207474					1	0.693697	0.306303	0.48	0.52			1.207474
1	0.482	60.75934	1.441533	0.5891526	1.221652	1.209297					1	0.694819	0.305181	0.482	0.518			1.209297
1	0.484	60.72972	1.437888	0.5892674	1.219721	1.21113					1	0.695938	0.304062	0.484	0.516			1.21113
1	0.486	60.70022	1.434268	0.5893885	1.2178	1.212972					1	0.6970543	0.3029457	0.486	0.514			1.212972
1	0.488	60.67085	1.430672	0.589516	1.215891	1.214824					1	0.6981678	0.3018322	0.488	0.512			1.214824
1	0.49	60.6416	1.427099	0.5896499	1.213993	1.216685					1	0.6992786	0.3007214	0.49	0.51			1.216685
1	0.492	60.61246	1.42355	0.58979	1.212107	1.218557					1	0.7003867	0.2996133	0.492	0.508			1.218557
1	0.494	60.58345	1.420025	0.5899365	1.210231	1.220437					1	0.7014922	0.2985078	0.494	0.506			1.220437
1	0.496	60.55456	1.416522	0.5900891	1.208366	1.222328					1	0.7025951	0.2974049	0.496	0.504			1.222328
1	0.498	60.52578	1.413043	0.5902481	1.206512	1.224228					1	0.7036955	0.2963045	0.498	0.502			1.224228
1	0.5	60.49712	1.409587	0.5904132	1.204669	1.226138					1	0.7047934	0.2952066	0.5	0.5			1.226138
1	0.502	60.46857	1.406153	0.5905845	1.202836	1.228058					1	0.7058889	0.2941111	0.502	0.498			1.228058
1	0.504	60.44014	1.402742	0.590762	1.201015	1.229987					1	0.706982	0.293018	0.504	0.496			1.229987
1	0.506	60.41182	1.399353	0.5909457	1.199204	1.231927					1	0.7080729	0.2919271	0.506	0.494			1.231927
1	0.508	60.38361	1.395987	0.5911354	1.197404	1.233876					1	0.7091614	0.2908386	0.508	0.492			1.233876
1	0.51	60.35551	1.392642	0.5913313	1.195614	1.235836					1	0.7102477	0.2897523	0.51	0.49			1.235836
1	0.512	60.32752	1.38932	0.5915333	1.193835	1.237805					1	0.7113318	0.2886682	0.512	0.488			1.237805
1	0.514	60.29965	1.386019	0.5917413	1.192067	1.239784					1	0.7124137	0.2875863	0.514	0.486			1.239784
1	0.516	60.27187	1.382739	0.5919554	1.190309	1.241774					1	0.7134936	0.2865064	0.516	0.484			1.241774
1	0.518	60.24421	1.379481	0.5921756	1.188561	1.243773					1	0.7145714	0.2854286	0.518	0.482			1.243773
1	0.52	60.21665	1.376245	0.5924017	1.186824	1.245783					1	0.7156472	0.2843528	0.52	0.48			1.245783
1	0.522	60.1892	1.373029	0.5926339	1.185097	1.247803					1	0.716721	0.283279	0.522	0.478			1.247803
1	0.524	60.16186	1.369834	0.592872	1.183381	1.249833					1	0.7177929	0.2822071	0.524	0.476			1.249833
1	0.526	60.13461	1.36666	0.5931161	1.181675	1.251873					1	0.718863	0.281137	0.526	0.474			1.251873
1	0.528	60.10747	1.363506	0.5933661	1.179979	1.253923					1	0.7199312	0.2800688	0.528	0.472			1.253923
1	0.53	60.08043	1.360373	0.5936221	1.178293	1.255984					1	0.7209976	0.2790024	0.53	0.47			1.255984
1	0.532	60.05349	1.35726	0.593884	1.176617	1.258055					1	0.7220623	0.2779377	0.532	0.468			1.258055
1	0.534	60.02665	1.354167	0.5941519	1.174952	1.260137					1	0.7231252	0.2768748	0.534	0.466			1.260137
1	0.536	59.99991	1.351094	0.5944256	1.173296	1.262229					1	0.7241865	0.2758135	0.536	0.464			1.262229
1	0.538	59.97327	1.348041	0.5947052	1.17165	1.264331					1	0.7252462	0.2747538	0.538	0.462			1.264331
1	0.54	59.94673	1.345008	0.5949906	1.170015	1.266444					1	0.7263043	0.2736957	0.54	0.46			1.266444
1	0.542	59.92028	1.341994	0.5952819	1.168389	1.268567					1	0.7273609	0.2726391	0.542	0.458			1.268567
1	0.544	59.89393	1.339	0.595579	1.166773	1.270701					1	0.728416	0.271584	0.544	0.456			1.270701
1	0.546	59.86767	1.336025	0.595882	1.165167	1.272846					1	0.7294696	0.2705304	0.546	0.454			1.272846
1	0.548	59.84151	1.333069	0.5961908	1.163571	1.275001					1	0.7305218	0.2694782	0.548	0.452			1.275001
1	0.55	59.81545	1.330132	0.5965054	1.161985	1.277167					1	0.7315726	0.2684274	0.55	0.45			1.277167
1	0.552	59.78947	1.327214	0.5968258	1.160408	1.279343					1	0.7326221	0.2673779	0.552	0.448			1.279343
1	0.554	59.76359	1.324315	0.5971519	1.158841	1.281531					1	0.7336702	0.2663298	0.554	0.446			1.281531
1	0.556	59.73779	1.321434	0.5974839	1.157283	1.283729					1	0.7347172	0.2652828	0.556	0.444			1.283729
1	0.558	59.71209	1.318571	0.5978216	1.155736	1.285938					1	0.7357629	0.2642371	0.558	0.442			1.285938
1	0.56	59.68648	1.315727	0.598165	1.154197	1.288158					1	0.7368074	0.2631926	0.56	0.44			1.288158
1	0.562	59.66096	1.312902	0.5985142	1.152669	1.290388					1	0.7378508	0.2621492	0.562	0.438			1.290388
1	0.564	59.63553	1.310094	0.5988692	1.151149	1.29263					1	0.738893	0.261107	0.564	0.436			1.29263
1	0.566	59.61018	1.307304	0.5992298	1.149639	1.294883					1	0.7399343	0.2600657	0.566	0.434			1.294883
1	0.568	59.58492	1.304532	0.5995962	1.148139	1.297147					1	0.7409744	0.2590256	0.568	0.432			1.297147
1	0.57	59.55975	1.301778	0.5999683	1.146648	1.299422					1	0.7420136	0.2579864	0.57	0.43			1.299422
1	0.572	59.53466	1.299042	0.6003461	1.145166	1.301708					1	0.7430519	0.2569481	0.572	0.428			1.301708
1	0.574	59.50966	1.296323	0.6007296	1.143694	1.304005					1	0.7440892	0.2559108	0.574	0.426			1.304005
1	0.576	59.48474	1.293621	0.6011188	1.14223	1.306313					1	0.7451256	0.2548744	0.576	0.424			1.306313
1	0.578	59.45991	1.290936	0.6015136	1.140776	1.308633					1	0.7461612	0.2538388	0.578	0.422			1.308633
1	0.58	59.43516	1.288269	0.6019142	1.139331	1.310964					1	0.747196	0.252804	0.58	0.42			1.310964
1	0.582	59.41049	1.285619	0.6023204	1.137896	1.313306					1	0.7482301	0.2517699	0.582	0.418			1.313306
1	0.584	59.38591	1.282985	0.6027323	1.136469	1.31566					1	0.7492634	0.2507366	0.584	0.416			1.31566
1	0.586	59.3614	1.280369	0.6031498	1.135051	1.318025					1	0.750296	0.249704	0.586	0.414			1.318025
1	0.588	59.33698	1.277769	0.603573	1.133643	1.320402					1	0.7513279	0.2486721	0.588	0.412			1.320402
1	0.59	59.31263	1.275185	0.6040019	1.132243	1.32279					1	0.7523592	0.2476408	0.59	0.41			1.32279
1	0.592	59.28837	1.272618	0.6044364	1.130853	1.325189					1	0.7533899	0.2466101	0.592	0.408			1.325189
1	0.594	59.26418	1.270068	0.6048766	1.129471	1.327601					1	0.7544201	0.2455799	0.594	0.406			1.327601
1	0.596	59.24008	1.267533	0.6053224	1.128098	1.330024					1	0.7554498	0.2445502	0.596	0.404			1.330024
1	0.598	59.21605	1.265015	0.6057738	1.126734	1.332458					1	0.7564789	0.2435211	0.598	0.402			1.332458
1	0.6	59.1921	1.262513	0.6062309	1.125379	1.334905					1	0.7575076	0.2424924	0.6	0.4			1.334905
1	0.602	59.16822	1.260026	0.6066936	1.124033	1.337363					1	0.7585359	0.2414641	0.602	0.398			1.337363
1	0.604	59.14443	1.257556	0.607162	1.122695	1.339833					1	0.7595639	0.2404361	0.604	0.396			1.339833
1	0.606	59.1207	1.255101	0.607636	1.121367	1.342315					1	0.7605914	0.2394086	0.606	0.394			1.342315
1	0.608	59.09706	1.252662	0.6081156	1.120046	1.344809					1	0.7616187	0.2383813	0.608	0.392			1.344809
1	0.61	59.07348	1.250239	0.6086008	1.118735	1.347315					1	0.7626457	0.2373543	0.61	0.39			1.347315
1	0.612	59.04999	1.247831	0.6090917	1.117432	1.349833					1	0.7636724	0.2363276	0.612	0.388			1.349833
1	0.614	59.02656	1.245438	0.6095882	1.116138	1.352363					1	0.7646989	0.2353011	0.614	0.386			1.352363
1	0.616	59.00321	1.243061	0.6100904	1.114852	1.354905					1	0.7657253	0.2342747	0.616	0.384			1.354905
1	0.618	58.97993	1.240698	0.6105982	1.113575	1.357459					1	0.7667515	0.2332485	0.618	0.382			1.357459
1	0.62	58.95673	1.238351	0.6111116	1.112306	1.360026					1	0.7677776	0.2322224	0.62	0.38			1.360026
1	0.622	58.93359	1.236019	0.6116306	1.111046	1.362605					1	0.7688036	0.2311964	0.622	0.378			1.362605
1	0.624	58.91053	1.233701	0.6121553	1.109794	1.365196					1	0.7698296	0.2301704	0.624	0.376			1.365196
1	0.626	58.88754	1.231399	0.6126857	1.108551	1.367799					1	0.7708556	0.2291444	0.626	0.374			1.367799
1	0.628	58.86462	1.229111	0.6132216	1.107316	1.370415					1	0.7718816	0.2281184	0.628	0.372			1.370415
1	0.63	58.84177	1.226837	0.6137632	1.106089	1.373044					1	0.7729076	0.2270924	0.63	0.37			1.373044
1	0.632	58.81898	1.224579	0.6143105	1.104871	1.375685					1	0.7739337	0.2260663	0.632	0.368			1.375685
1	0.634	58.79627	1.222334	0.6148634	1.103661	1.378338					1	0.77496	0.22504	0.634	0.366			1.378338
1	0.636	58.77363	1.220104	0.6154219	1.102459	1.381005					1	0.7759864	0.2240136	0.636	0.364			1.381005
1	0.638	58.75105	1.217889	0.6159862	1.101265	1.383683					1	0.777013	0.222987	0.638	0.362			1.383683
1	0.64	58.72855	1.215687	0.616556	1.10008	1.386375					1	0.7780398	0.2219602	0.64	0.36			1.386375
1	0.642	58.70611	1.2135	0.6171316	1.098903	1.38908					1	0.7790669	0.2209331	0.642	0.358			1.38908
1	0.644	58.68374	1.211326	0.6177128	1.097733	1.391797					1	0.7800943	0.2199057	0.644	0.356			1.391797
1	0.646	58.66143	1.209167	0.6182997	1.096572	1.394527					1	0.7811219	0.2188781	0.646	0.354			1.394527
1	0.648	58.63919	1.207022	0.6188922	1.095419	1.39727					1	0.7821499	0.2178501	0.648	0.352			1.39727
1	0.65	58.61702	1.20489	0.6194905	1.094275	1.400026					1	0.7831783	0.2168217	0.65	0.35			1.400026
1	0.652	58.59492	1.202772	0.6200944	1.093138	1.402796					1	0.7842071	0.2157929	0.652	0.348			1.402796
1	0.654	58.57288	1.200667	0.6207041	1.092009	1.405578					1	0.7852364	0.2147636	0.654	0.346			1.405578
1	0.656	58.5509	1.198576	0.6213194	1.090888	1.408373					1	0.7862661	0.2137339	0.656	0.344			1.408373
1	0.658	58.52899	1.196499	0.6219405	1.089775	1.411182					1	0.7872964	0.2127036	0.658	0.342			1.411182
1	0.66	58.50715	1.194435	0.6225672	1.08867	1.414004					1	0.7883271	0.2116729	0.66	0.34			1.414004
1	0.662	58.48536	1.192384	0.6231997	1.087573	1.41684					1	0.7893585	0.2106415	0.662	0.338			1.41684
1	0.664	58.46365	1.190347	0.623838	1.086483	1.419688					1	0.7903904	0.2096096	0.664	0.336			1.419688
1	0.666	58.44199	1.188323	0.6244819	1.085402	1.422551					1	0.791423	0.208577	0.666	0.334			1.422551
1	0.668	58.4204	1.186312	0.6251317	1.084328	1.425427					1	0.7924563	0.2075437	0.668	0.332			1.425427
1	0.67	58.39887	1.184314	0.6257872	1.083262	1.428316					1	0.7934902	0.2065098	0.67	0.33			1.428316
1	0.672	58.37741	1.182329	0.6264484	1.082204	1.431219					1	0.7945249	0.2054751	0.672	0.328			1.431219
1	0.674	58.35601	1.180357	0.6271155	1.081154	1.434136					1	0.7955604	0.2044396	0.674	0.326			1.434136
1	0.676	58.33467	1.178397	0.6277883	1.080111	1.437066					1	0.7965966	0.2034034	0.676	0.324			1.437066
1	0.678	58.31339	1.176451	0.6284669	1.079076	1.44001					1	0.7976336	0.2023664	0.678	0.322			1.44001
1	0.68	58.29217	1.174517	0.6291514	1.078049	1.442968					1	0.7986716	0.2013284	0.68	0.32			1.442968
1	0.682	58.27102	1.172596	0.6298417	1.077029	1.44594					1	0.7997104	0.2002896	0.682	0.318			1.44594
1	0.684	58.24992	1.170687	0.6305378	1.076017	1.448926					1	0.8007501	0.1992499	0.684	0.316			1.448926
1	0.686	58.22889	1.168791	0.6312397	1.075012	1.451926					1	0.8017907	0.1982093	0.686	0.314			1.451926
1	0.688	58.20792	1.166908	0.6319475	1.074015	1.454941					1	0.8028324	0.1971676	0.688	0.312			1.454941
1	0.69	58.187	1.165036	0.6326612	1.073026	1.457969					1	0.803875	0.196125	0.69	0.31			1.457969
1	0.692	58.16615	1.163177	0.6333807	1.072044	1.461012					1	0.8049187	0.1950813	0.692	0.308			1.461012
1	0.694	58.14536	1.161331	0.6341061	1.07107	1.464068					1	0.8059635	0.1940365	0.694	0.306			1.464068
1	0.696	58.12463	1.159496	0.6348375	1.070103	1.46714					1	0.8070094	0.1929906	0.696	0.304			1.46714
1	0.698	58.10396	1.157674	0.6355747	1.069143	1.470225					1	0.8080564	0.1919436	0.698	0.302			1.470225
1	0.7	58.08335	1.155864	0.6363179	1.068191	1.473326					1	0.8091046	0.1908954	0.7	0.3			1.473326
1	0.702	58.06279	1.154066	0.6370671	1.067246	1.47644					1	0.810154	0.189846	0.702	0.298			1.47644
1	0.704	58.0423	1.152279	0.6378222	1.066309	1.47957					1	0.8112046	0.1887954	0.704	0.296			1.47957
1	0.706	58.02186	1.150505	0.6385833	1.065379	1.482714					1	0.8122565	0.1877435	0.706	0.294			1.482714
1	0.708	58.00149	1.148743	0.6393503	1.064456	1.485872					1	0.8133097	0.1866903	0.708	0.292			1.485872
1	0.71	57.98117	1.146992	0.6401234	1.063541	1.489046					1	0.8143642	0.1856358	0.71	0.29			1.489046
1	0.712	57.96091	1.145253	0.6409025	1.062632	1.492234					1	0.8154201	0.1845799	0.712	0.288			1.492234
1	0.714	57.94071	1.143526	0.6416877	1.061732	1.495438					1	0.8164773	0.1835227	0.714	0.286			1.495438
1	0.716	57.92056	1.14181	0.6424789	1.060838	1.498656					1	0.817536	0.182464	0.716	0.284			1.498656
1	0.718	57.90048	1.140106	0.6432761	1.059952	1.50189					1	0.8185961	0.1814039	0.718	0.282			1.50189
1	0.72	57.88045	1.138414	0.6440795	1.059072	1.505138					1	0.8196577	0.1803423	0.72	0.28			1.505138
1	0.722	57.86048	1.136732	0.644889	1.0582	1.508402					1	0.8207209	0.1792791	0.722	0.278			1.508402
1	0.724	57.84057	1.135063	0.6457046	1.057336	1.511681					1	0.8217855	0.1782145	0.724	0.276			1.511681
1	0.726	57.82072	1.133405	0.6465263	1.056478	1.514976					1	0.8228518	0.1771482	0.726	0.274			1.514976
1	0.728	57.80092	1.131758	0.6473542	1.055627	1.518286					1	0.8239197	0.1760803	0.728	0.272			1.518286
1	0.73	57.78118	1.130122	0.6481883	1.054784	1.521611					1	0.8249892	0.1750108	0.73	0.27			1.521611
1	0.732	57.7615	1.128498	0.6490286	1.053947	1.524952					1	0.8260603	0.1739397	0.732	0.268			1.524952
1	0.734	57.74187	1.126885	0.6498751	1.053118	1.528309					1	0.8271332	0.1728668	0.734	0.266			1.528309
1	0.736	57.7223	1.125282	0.6507278	1.052296	1.531681					1	0.8282079	0.1717921	0.736	0.264			1.531681
1	0.738	57.70279	1.123691	0.6515868	1.05148	1.535069					1	0.8292843	0.1707157	0.738	0.262			1.535069
1	0.74	57.68334	1.122111	0.6524521	1.050672	1.538473					1	0.8303625	0.1696375	0.74	0.26			1.538473
1	0.742	57.66394	1.120542	0.6533236	1.04987	1.541893					1	0.8314425	0.1685575	0.742	0.258			1.541893
1	0.744	57.6446	1.118984	0.6542015	1.049076	1.545329					1	0.8325244	0.1674756	0.744	0.256			1.545329
1	0.746	57.62531	1.117437	0.6550858	1.048289	1.548781					1	0.8336082	0.1663918	0.746	0.254			1.548781
1	0.748	57.60609	1.115901	0.6559764	1.047508	1.552249					1	0.834694	0.165306	0.748	0.252			1.552249
1	0.75	57.58692	1.114376	0.6568734	1.046735	1.555733					1	0.8357817	0.1642183	0.75	0.25			1.555733
1	0.752	57.5678	1.112861	0.6577768	1.045968	1.559234					1	0.8368714	0.1631286	0.752	0.248			1.559234
1	0.754	57.54874	1.111357	0.6586866	1.045208	1.56275					1	0.8379631	0.1620369	0.754	0.246			1.56275
1	0.756	57.52974	1.109864	0.6596029	1.044455	1.566284					1	0.8390569	0.1609431	0.756	0.244			1.566284
1	0.758	57.5108	1.108381	0.6605257	1.043709	1.569834					1	0.8401528	0.1598472	0.758	0.242			1.569834
1	0.76	57.49191	1.106909	0.661455	1.042969	1.5734					1	0.8412508	0.1587492	0.76	0.24			1.5734
1	0.762	57.47308	1.105447	0.6623908	1.042237	1.576983					1	0.842351	0.157649	0.762	0.238			1.576983
1	0.764	57.4543	1.103997	0.6633332	1.041511	1.580583					1	0.8434534	0.1565466	0.764	0.236			1.580583
1	0.766	57.43559	1.102556	0.6642821	1.040792	1.5842					1	0.844558	0.155442	0.766	0.234			1.5842
1	0.768	57.41692	1.101126	0.6652377	1.04008	1.587833					1	0.8456649	0.1543351	0.768	0.232			1.587833
1	0.77	57.39832	1.099707	0.6661999	1.039374	1.591484					1	0.846774	0.153226	0.77	0.23			1.591484
1	0.772	57.37977	1.098297	0.6671687	1.038675	1.595152					1	0.8478855	0.1521145	0.772	0.228			1.595152
1	0.774	57.36128	1.096898	0.6681443	1.037983	1.598836					1	0.8489994	0.1510006	0.774	0.226			1.598836
1	0.776	57.34284	1.09551	0.6691265	1.037298	1.602538					1	0.8501157	0.1498843	0.776	0.224			1.602538
1	0.778	57.32447	1.094132	0.6701155	1.036619	1.606258					1	0.8512344	0.1487656	0.778	0.222			1.606258
1	0.78	57.30614	1.092763	0.6711113	1.035947	1.609994					1	0.8523555	0.1476445	0.78	0.22			1.609994
1	0.782	57.28788	1.091406	0.6721138	1.035281	1.613748					1	0.8534792	0.1465208	0.782	0.218			1.613748
1	0.784	57.26967	1.090058	0.6731232	1.034623	1.61752					1	0.8546054	0.1453946	0.784	0.216			1.61752
1	0.786	57.25152	1.08872	0.6741395	1.03397	1.621309					1	0.8557342	0.1442658	0.786	0.214			1.621309
1	0.788	57.23343	1.087393	0.6751626	1.033325	1.625116					1	0.8568655	0.1431345	0.788	0.212			1.625116
1	0.79	57.21539	1.086075	0.6761926	1.032686	1.628941					1	0.8579995	0.1420005	0.79	0.21			1.628941
1	0.792	57.19741	1.084768	0.6772296	1.032053	1.632784					1	0.8591362	0.1408638	0.792	0.208			1.632784
1	0.794	57.17949	1.083471	0.6782736	1.031427	1.636645					1	0.8602756	0.1397244	0.794	0.206			1.636645
1	0.796	57.16162	1.082183	0.6793246	1.030808	1.640523					1	0.8614178	0.1385822	0.796	0.204			1.640523
1	0.798	57.14381	1.080906	0.6803826	1.030195	1.64442					1	0.8625627	0.1374373	0.798	0.202			1.64442
1	0.8	57.12606	1.079638	0.6814478	1.029588	1.648335					1	0.8637104	0.1362896	0.8	0.2			1.648335
1	0.802	57.10837	1.07838	0.68252	1.028988	1.652269					1	0.864861	0.135139	0.802	0.198			1.652269
1	0.804	57.09074	1.077133	0.6835993	1.028395	1.65622					1	0.8660145	0.1339855	0.804	0.196			1.65622
1	0.806	57.07316	1.075894	0.6846859	1.027808	1.660191					1	0.8671709	0.1328291	0.806	0.194			1.660191
1	0.808	57.05564	1.074666	0.6857796	1.027227	1.664179					1	0.8683303	0.1316697	0.808	0.192			1.664179
1	0.81	57.03819	1.073448	0.6868806	1.026653	1.668187					1	0.8694927	0.1305073	0.81	0.19			1.668187
1	0.812	57.02078	1.072239	0.6879889	1.026085	1.672213					1	0.8706581	0.1293419	0.812	0.188			1.672213
1	0.814	57.00344	1.07104	0.6891044	1.025524	1.676258					1	0.8718266	0.1281734	0.814	0.186			1.676258
1	0.816	56.98616	1.069851	0.6902274	1.024969	1.680322					1	0.8729982	0.1270018	0.816	0.184			1.680322
1	0.818	56.96893	1.068671	0.6913577	1.024421	1.684405					1	0.8741729	0.1258271	0.818	0.182			1.684405
1	0.82	56.95177	1.067501	0.6924954	1.023878	1.688507					1	0.8753508	0.1246492	0.82	0.18			1.688507
1	0.822	56.93466	1.066341	0.6936406	1.023343	1.692629					1	0.876532	0.123468	0.822	0.178			1.692629
1	0.824	56.91761	1.06519	0.6947933	1.022813	1.696769					1	0.8777164	0.1222836	0.824	0.176			1.696769
1	0.826	56.90063	1.064049	0.6959536	1.02229	1.700929					1	0.8789041	0.1210959	0.826	0.174			1.700929
1	0.828	56.8837	1.062917	0.6971214	1.021773	1.705109					1	0.8800951	0.1199049	0.828	0.172			1.705109
1	0.83	56.86683	1.061795	0.6982968	1.021263	1.709308					1	0.8812895	0.1187105	0.83	0.17			1.709308
1	0.832	56.85003	1.060682	0.6994799	1.020758	1.713527					1	0.8824874	0.1175126	0.832	0.168			1.713527
1	0.834	56.83328	1.059579	0.7006707	1.020261	1.717765					1	0.8836887	0.1163113	0.834	0.166			1.717765
1	0.836	56.8166	1.058485	0.7018692	1.019769	1.722024					1	0.8848934	0.1151066	0.836	0.164			1.722024
1	0.838	56.79997	1.057401	0.7030755	1.019284	1.726302					1	0.8861018	0.1138982	0.838	0.162			1.726302
1	0.84	56.78341	1.056326	0.7042897	1.018804	1.730601					1	0.8873137	0.1126863	0.84	0.16			1.730601
1	0.842	56.76691	1.05526	0.7055117	1.018332	1.734919					1	0.8885292	0.1114708	0.842	0.158			1.734919
1	0.844	56.75047	1.054204	0.7067416	1.017865	1.739258					1	0.8897483	0.1102517	0.844	0.156			1.739258
1	0.846	56.73409	1.053157	0.7079794	1.017404	1.743617					1	0.8909712	0.1090288	0.846	0.154			1.743617
1	0.848	56.71777	1.05212	0.7092253	1.01695	1.747997					1	0.8921978	0.1078022	0.848	0.152			1.747997
1	0.85	56.70152	1.051092	0.7104792	1.016502	1.752397					1	0.8934281	0.1065719	0.85	0.15			1.752397
1	0.852	56.68533	1.050073	0.7117411	1.01606	1.756818					1	0.8946623	0.1053377	0.852	0.148			1.756818
1	0.854	56.66921	1.049064	0.7130112	1.015625	1.76126					1	0.8959004	0.1040996	0.854	0.146			1.76126
1	0.856	56.65314	1.048063	0.7142895	1.015195	1.765722					1	0.8971423	0.1028577	0.856	0.144			1.765722
1	0.858	56.63714	1.047073	0.715576	1.014772	1.770205					1	0.8983882	0.1016118	0.858	0.142			1.770205
1	0.86	56.62121	1.046091	0.7168708	1.014355	1.77471					1	0.8996381	0.1003619	0.86	0.14			1.77471
1	0.862	56.60534	1.045118	0.7181739	1.013944	1.779236					1	0.900892	0.099108	0.862	0.138			1.779236
1	0.864	56.58953	1.044155	0.7194854	1.013539	1.783782					1	0.90215	0.09785	0.864	0.136			1.783782
1	0.866	56.57379	1.043201	0.7208053	1.01314	1.788351					1	0.9034121	0.0965879	0.866	0.134			1.788351
1	0.868	56.55812	1.042256	0.7221336	1.012747	1.792941					1	0.9046784	0.0953216	0.868	0.132			1.792941
1	0.87	56.54251	1.041321	0.7234705	1.012361	1.797552					1	0.9059488	0.0940511	0.87	0.13			1.797552
1	0.872	56.52696	1.040394	0.724816	1.01198	1.802185					1	0.9072236	0.0927764	0.872	0.128			1.802185
1	0.874	56.51149	1.039477	0.72617	1.011606	1.80684					1	0.9085026	0.0914974	0.874	0.126			1.80684
1	0.876	56.49608	1.038568	0.7275328	1.011238	1.811516					1	0.9097859	0.090214	0.876	0.124			1.811516
1	0.878	56.48073	1.037669	0.7289043	1.010875	1.816215					1	0.9110737	0.0889263	0.878	0.122			1.816215
1	0.88	56.46546	1.036779	0.7302845	1.010519	1.820936					1	0.9123659	0.0876341	0.88	0.12			1.820936
1	0.882	56.45025	1.035899	0.7316736	1.010169	1.825679					1	0.9136625	0.0863374	0.882	0.118			1.825679
1	0.884	56.43511	1.035027	0.7330716	1.009825	1.830445					1	0.9149637	0.0850363	0.884	0.116			1.830445
1	0.886	56.42004	1.034164	0.7344786	1.009487	1.835233					1	0.9162694	0.0837305	0.886	0.114			1.835233
1	0.888	56.40504	1.033311	0.7358945	1.009155	1.840043					1	0.9175798	0.0824201	0.888	0.112			1.840043
1	0.89	56.39011	1.032466	0.7373195	1.008829	1.844876					1	0.9188949	0.0811051	0.89	0.11			1.844876
1	0.892	56.37525	1.031631	0.7387536	1.008509	1.849732					1	0.9202146	0.0797853	0.892	0.108			1.849732
1	0.894	56.36046	1.030804	0.7401969	1.008195	1.854611					1	0.9215391	0.0784608	0.894	0.106			1.854611
1	0.896	56.34574	1.029987	0.7416495	1.007887	1.859513					1	0.9228685	0.0771315	0.896	0.104			1.859513
1	0.898	56.3311	1.029179	0.7431113	1.007585	1.864438					1	0.9242026	0.0757973	0.898	0.102			1.864438
1	0.9	56.31652	1.02838	0.7445825	1.007289	1.869386					1	0.9255418	0.0744582	0.9	0.1			1.869386
1	0.902	56.30202	1.02759	0.7460631	1.006999	1.874358					1	0.9268858	0.0731141	0.902	0.098			1.874358
1	0.904	56.28759	1.026809	0.7475532	1.006714	1.879353					1	0.9282349	0.0717651	0.904	0.096			1.879353
1	0.906	56.27323	1.026036	0.7490528	1.006436	1.884371					1	0.929589	0.0704109	0.906	0.094			1.884371
1	0.908	56.25895	1.025273	0.7505621	1.006164	1.889414					1	0.9309483	0.0690517	0.908	0.092			1.889414
1	0.91	56.24474	1.024519	0.752081	1.005898	1.89448					1	0.9323127	0.0676872	0.91	0.09			1.89448
1	0.912	56.23061	1.023775	0.7536097	1.005638	1.89957					1	0.9336823	0.0663176	0.912	0.088			1.89957
1	0.914	56.21655	1.023039	0.7551481	1.005383	1.904684					1	0.9350572	0.0649427	0.914	0.086			1.904684
1	0.916	56.20257	1.022312	0.7566965	1.005135	1.909823					1	0.9364375	0.0635625	0.916	0.084			1.909823
1	0.918	56.18867	1.021594	0.7582548	1.004892	1.914986					1	0.9378231	0.0621769	0.918	0.082			1.914986
1	0.92	56.17484	1.020885	0.759823	1.004656	1.920173					1	0.9392141	0.0607858	0.92	0.08			1.920173
1	0.922	56.16109	1.020185	0.7614014	1.004425	1.925384					1	0.9406107	0.0593893	0.922	0.078			1.925384
1	0.924	56.14742	1.019494	0.7629899	1.004201	1.930621					1	0.9420128	0.0579872	0.924	0.076			1.930621
1	0.926	56.13383	1.018813	0.7645886	1.003982	1.935882					1	0.9434204	0.0565795	0.926	0.074			1.935882
1	0.928	56.12032	1.01814	0.7661977	1.003769	1.941168					1	0.9448338	0.0551662	0.928	0.072			1.941168
1	0.93	56.10689	1.017476	0.767817	1.003562	1.946479					1	0.9462528	0.0537472	0.93	0.07			1.946479
1	0.932	56.09353	1.016821	0.7694469	1.003361	1.951816					1	0.9476776	0.0523223	0.932	0.068			1.951816
1	0.934	56.08026	1.016176	0.7710872	1.003165	1.957178					1	0.9491082	0.0508917	0.934	0.066			1.957178
1	0.936	56.06707	1.015539	0.7727381	1.002976	1.962565					1	0.9505448	0.0494552	0.936	0.064			1.962565
1	0.938	56.05397	1.014912	0.7743997	1.002793	1.967977					1	0.9519872	0.0480127	0.938	0.062			1.967977
1	0.94	56.04095	1.014293	0.776072	1.002615	1.973416					1	0.9534357	0.0465643	0.94	0.06			1.973416
1	0.942	56.02801	1.013684	0.7777552	1.002443	1.97888					1	0.9548902	0.0451098	0.942	0.058			1.97888
1	0.944	56.01515	1.013084	0.7794492	1.002277	1.98437					1	0.9563508	0.0436491	0.944	0.056			1.98437
1	0.946	56.00239	1.012492	0.7811542	1.002117	1.989886					1	0.9578177	0.0421823	0.946	0.054			1.989886
1	0.948	55.9897	1.01191	0.7828703	1.001963	1.995429					1	0.9592907	0.0407092	0.948	0.052			1.995429
1	0.95	55.97711	1.011337	0.7845975	1.001815	2.000997					1	0.9607701	0.0392298	0.95	0.05			2.000997
1	0.952	55.9646	1.010773	0.786336	1.001672	2.006593					1	0.9622559	0.0377441	0.952	0.048			2.006593
1	0.954	55.95218	1.010218	0.7880857	1.001536	2.012214					1	0.9637481	0.0362519	0.954	0.046			2.012214
1	0.956	55.93985	1.009672	0.7898469	1.001405	2.017863					1	0.9652467	0.0347532	0.956	0.044			2.017863
1	0.958	55.92761	1.009136	0.7916196	1.00128	2.023538					1	0.966752	0.033248	0.958	0.042			2.023538
1	0.96	55.91546	1.008608	0.7934038	1.001161	2.029241					1	0.9682638	0.0317361	0.96	0.04			2.029241
1	0.962	55.9034	1.00809	0.7951997	1.001048	2.034971					1	0.9697824	0.0302175	0.962	0.038			2.034971
1	0.964	55.89143	1.007581	0.7970073	1.00094	2.040728					1	0.9713077	0.0286922	0.964	0.036			2.040728
1	0.966	55.87955	1.007081	0.7988267	1.000838	2.046512					1	0.9728399	0.0271601	0.966	0.034			2.046512
1	0.968	55.86777	1.00659	0.8006581	1.000743	2.052324					1	0.9743789	0.025621	0.968	0.032			2.052324
1	0.97	55.85608	1.006108	0.8025016	1.000653	2.058163					1	0.975925	0.024075	0.97	0.03			2.058163
1	0.972	55.84449	1.005636	0.8043571	1.000568	2.064031					1	0.977478	0.022522	0.972	0.028			2.064031
1	0.974	55.83299	1.005173	0.8062249	1.00049	2.069926					1	0.9790382	0.0209618	0.974	0.026			2.069926
1	0.976	55.8216	1.004719	0.8081049	1.000418	2.07585					1	0.9806055	0.0193945	0.976	0.024			2.07585
1	0.978	55.81029	1.004274	0.8099974	1.000351	2.081801					1	0.9821801	0.0178199	0.978	0.022			2.081801
1	0.98	55.79909	1.003839	0.8119024	1.00029	2.087782					1	0.983762	0.016238	0.98	0.02			2.087782
1	0.982	55.78799	1.003413	0.81382	1.000235	2.09379					1	0.9853512	0.0146487	0.982	0.018			2.09379
1	0.984	55.77698	1.002996	0.8157503	1.000186	2.099828					1	0.986948	0.013052	0.984	0.016			2.099828
1	0.986	55.76608	1.002589	0.8176935	1.000142	2.105894					1	0.9885523	0.0114477	0.986	0.014			2.105894
1	0.988	55.75528	1.00219	0.8196495	1.000104	2.111989					1	0.9901642	0.00983579	0.988	0.012			2.111989
1	0.99	55.74459	1.001802	0.8216186	1.000072	2.118114					1	0.9917838	0.00821619	0.99	0.01			2.118114
1	0.992	55.734	1.001423	0.8236008	1.000046	2.124267					1	0.9934112	0.00658881	0.992	0.008			2.124267
1	0.994	55.72351	1.001053	0.8255962	1.000026	2.13045					1	0.9950464	0.00495358	0.994	0.006			2.13045
1	0.996	55.71313	1.000692	0.8276051	1.000012	2.136663					1	0.9966896	0.00331043	0.996	0.004			2.136663
1	0.998	55.70286	1.000341	0.8296273	1.000003	2.142905					1	0.9983407	0.00165926	0.998	0.002			2.142905
1	1	55.69269	0.9999999	0.831663	1	2.149178					1	1	0	1	0			2.149178