PRES	MOLEFRAC ACETO-01	TOTAL TEMP	TOTAL KVL ACETO-01	TOTAL KVL METHA-01	LIQUID1 GAMMA ACETO-01	LIQUID1 GAMMA METHA-01	LIQUID2 GAMMA ACETO-01	LIQUID2 GAMMA METHA-01	TOTAL KVL2 ACETO-01	TOTAL KVL2 METHA-01	TOTAL BETA	VAPOR MOLEFRAC ACETO-01	VAPOR MOLEFRAC METHA-01	LIQUID1 MOLEFRAC ACETO-01	LIQUID1 MOLEFRAC METHA-01	LIQUID2 MOLEFRAC ACETO-01	LIQUID2 MOLEFRAC METHA-01	LIQUID GAMMA ACETO-01
bar		K															
1	0	337.29732	2.276091	1	1.735083	1					1	0	1	0	1			1.735083
1	0.002	337.2319	2.266484	0.997462	1.731276	1.000002					1	0.00453296	0.995467	0.002	0.998			1.731276
1	0.004	337.16695	2.256958	0.994952	1.727484	1.000009					1	0.00902783	0.9909722	0.004	0.996			1.727484
1	0.006	337.10247	2.247511	0.9924698	1.723708	1.000021					1	0.013485	0.9865149	0.006	0.994			1.723708
1	0.008	337.03845	2.238143	0.990015	1.719948	1.000037					1	0.0179051	0.9820949	0.008	0.992			1.719948
1	0.01	336.9749	2.228853	0.9875873	1.716203	1.000057					1	0.0222885	0.9777115	0.01	0.99			1.716203
1	0.012	336.9118	2.21964	0.9851866	1.712473	1.000082					1	0.0266356	0.9733643	0.012	0.988			1.712473
1	0.014	336.84915	2.210504	0.9828123	1.708758	1.000112					1	0.030947	0.9690529	0.014	0.986			1.708758
1	0.016	336.78696	2.201443	0.9804643	1.705058	1.000147					1	0.035223	0.9647769	0.016	0.984			1.705058
1	0.018	336.72521	2.192457	0.9781423	1.701374	1.000185					1	0.0394642	0.9605358	0.018	0.982			1.701374
1	0.02	336.6639	2.183544	0.975846	1.697704	1.000229					1	0.0436708	0.9563291	0.02	0.98			1.697704
1	0.022	336.60303	2.174705	0.9735751	1.69405	1.000277					1	0.0478435	0.9521565	0.022	0.978			1.69405
1	0.024	336.54259	2.165938	0.9713294	1.69041	1.00033					1	0.0519825	0.9480175	0.024	0.976			1.69041
1	0.026	336.48258	2.157242	0.9691085	1.686785	1.000387					1	0.0560883	0.9439117	0.026	0.974			1.686785
1	0.028	336.423	2.148617	0.9669123	1.683175	1.000449					1	0.0601612	0.9398387	0.028	0.972			1.683175
1	0.03	336.36385	2.140062	0.9647403	1.67958	1.000515					1	0.0642018	0.9357981	0.03	0.97			1.67958
1	0.032	336.30511	2.131577	0.9625925	1.676	1.000586					1	0.0682104	0.9317896	0.032	0.968			1.676
1	0.034	336.24679	2.123159	0.9604685	1.672434	1.000661					1	0.0721874	0.9278126	0.034	0.966			1.672434
1	0.036	336.18888	2.114809	0.9583681	1.668883	1.000741					1	0.0761331	0.9238669	0.036	0.964			1.668883
1	0.038	336.1314	2.106527	0.956291	1.665347	1.000826					1	0.080048	0.919952	0.038	0.962			1.665347
1	0.04	336.0743	2.09831	0.9542371	1.661825	1.000915					1	0.0839324	0.9160676	0.04	0.96			1.661825
1	0.042	336.0176	2.090159	0.952206	1.658317	1.001009					1	0.0877866	0.9122133	0.042	0.958			1.658317
1	0.044	335.9613	2.082073	0.9501975	1.654824	1.001107					1	0.0916112	0.9083888	0.044	0.956			1.654824
1	0.046	335.9054	2.074051	0.9482114	1.651346	1.00121					1	0.0954063	0.9045936	0.046	0.954			1.651346
1	0.048	335.8499	2.066093	0.9462474	1.647881	1.001317					1	0.0991724	0.9008275	0.048	0.952			1.647881
1	0.05	335.7948	2.058198	0.9443054	1.644431	1.001429					1	0.1029099	0.8970901	0.05	0.95			1.644431
1	0.052	335.74	2.050364	0.9423851	1.640995	1.001546					1	0.106619	0.893381	0.052	0.948			1.640995
1	0.054	335.6857	2.042593	0.9404862	1.637573	1.001667					1	0.1103	0.8897	0.054	0.946			1.637573
1	0.056	335.6317	2.034882	0.9386087	1.634165	1.001793					1	0.1139534	0.8860466	0.056	0.944			1.634165
1	0.058	335.5781	2.027232	0.9367522	1.630772	1.001923					1	0.1175794	0.8824206	0.058	0.942			1.630772
1	0.06	335.5249	2.019641	0.9349166	1.627392	1.002058					1	0.1211784	0.8788216	0.06	0.94			1.627392
1	0.062	335.472	2.012109	0.9331015	1.624026	1.002197					1	0.1247507	0.8752493	0.062	0.938			1.624026
1	0.064	335.4195	2.004635	0.931307	1.620674	1.002341					1	0.1282967	0.8717033	0.064	0.936			1.620674
1	0.066	335.3674	1.99722	0.9295326	1.617336	1.00249					1	0.1318165	0.8681835	0.066	0.934			1.617336
1	0.068	335.3156	1.989862	0.9277783	1.614012	1.002643					1	0.1353106	0.8646894	0.068	0.932			1.614012
1	0.07	335.2642	1.98256	0.9260439	1.610702	1.002801					1	0.1387792	0.8612208	0.07	0.93			1.610702
1	0.072	335.2132	1.975315	0.924329	1.607405	1.002963					1	0.1422226	0.8577774	0.072	0.928			1.607405
1	0.074	335.1625	1.968125	0.9226337	1.604122	1.00313					1	0.1456412	0.8543588	0.074	0.926			1.604122
1	0.076	335.1121	1.960989	0.9209576	1.600852	1.003301					1	0.1490352	0.8509648	0.076	0.924			1.600852
1	0.078	335.0621	1.953909	0.9193006	1.597596	1.003477					1	0.1524049	0.8475951	0.078	0.922			1.597596
1	0.08	335.0125	1.946882	0.9176624	1.594354	1.003658					1	0.1557506	0.8442494	0.08	0.92			1.594354
1	0.082	334.9631	1.939909	0.916043	1.591125	1.003843					1	0.1590725	0.8409275	0.082	0.918			1.591125
1	0.084	334.9141	1.932988	0.9144422	1.587909	1.004033					1	0.162371	0.837629	0.084	0.916			1.587909
1	0.086	334.8655	1.926119	0.9128597	1.584706	1.004227					1	0.1656463	0.8343537	0.086	0.914			1.584706
1	0.088	334.8172	1.919303	0.9112953	1.581517	1.004426					1	0.1688986	0.8311014	0.088	0.912			1.581517
1	0.09	334.7692	1.912537	0.9097491	1.578342	1.00463					1	0.1721284	0.8278716	0.09	0.91			1.578342
1	0.092	334.7215	1.905823	0.9082206	1.575179	1.004838					1	0.1753357	0.8246643	0.092	0.908			1.575179
1	0.094	334.6742	1.899158	0.9067099	1.572029	1.00505					1	0.1785209	0.8214791	0.094	0.906			1.572029
1	0.096	334.6271	1.892543	0.9052166	1.568893	1.005268					1	0.1816841	0.8183159	0.096	0.904			1.568893
1	0.098	334.5804	1.885978	0.9037408	1.56577	1.005489					1	0.1848258	0.8151742	0.098	0.902			1.56577
1	0.1	334.5341	1.879461	0.9022821	1.562659	1.005716					1	0.1879461	0.8120539	0.1	0.9			1.562659
1	0.102	334.488	1.872992	0.9008405	1.559562	1.005947					1	0.1910452	0.8089548	0.102	0.898			1.559562
1	0.104	334.4422	1.866572	0.8994158	1.556477	1.006183					1	0.1941235	0.8058765	0.104	0.896			1.556477
1	0.106	334.3968	1.860198	0.8980078	1.553406	1.006423					1	0.197181	0.802819	0.106	0.894			1.553406
1	0.108	334.3516	1.853872	0.8966164	1.550347	1.006668					1	0.2002182	0.7997818	0.108	0.892			1.550347
1	0.11	334.3068	1.847592	0.8952414	1.547301	1.006917					1	0.2032351	0.7967649	0.11	0.89			1.547301
1	0.112	334.2622	1.841358	0.8938828	1.544267	1.007171					1	0.2062321	0.7937679	0.112	0.888			1.544267
1	0.114	334.218	1.83517	0.8925403	1.541246	1.00743					1	0.2092093	0.7907907	0.114	0.886			1.541246
1	0.116	334.174	1.829026	0.8912138	1.538238	1.007693					1	0.212167	0.787833	0.116	0.884			1.538238
1	0.118	334.1304	1.822928	0.8899031	1.535243	1.007961					1	0.2151054	0.7848946	0.118	0.882			1.535243
1	0.12	334.087	1.816873	0.8886082	1.53226	1.008233					1	0.2180248	0.7819752	0.12	0.88			1.53226
1	0.122	334.0439	1.810863	0.8873289	1.529289	1.00851					1	0.2209252	0.7790748	0.122	0.878			1.529289
1	0.124	334.0011	1.804896	0.886065	1.526331	1.008792					1	0.223807	0.776193	0.124	0.876			1.526331
1	0.126	333.9586	1.798972	0.8848165	1.523385	1.009078					1	0.2266704	0.7733296	0.126	0.874			1.523385
1	0.128	333.9164	1.79309	0.8835831	1.520452	1.009369					1	0.2295155	0.7704845	0.128	0.872			1.520452
1	0.13	333.8745	1.787251	0.8823648	1.517531	1.009665					1	0.2323426	0.7676574	0.13	0.87			1.517531
1	0.132	333.8328	1.781453	0.8811615	1.514622	1.009965					1	0.2351518	0.7648482	0.132	0.868			1.514622
1	0.134	333.7914	1.775697	0.8799729	1.511725	1.01027					1	0.2379434	0.7620566	0.134	0.866			1.511725
1	0.136	333.7503	1.769983	0.878799	1.508841	1.010579					1	0.2407176	0.7592824	0.136	0.864			1.508841
1	0.138	333.7094	1.764308	0.8776397	1.505968	1.010893					1	0.2434745	0.7565255	0.138	0.862			1.505968
1	0.14	333.6689	1.758674	0.8764949	1.503108	1.011212					1	0.2462144	0.7537856	0.14	0.86			1.503108
1	0.142	333.6285	1.75308	0.8753643	1.50026	1.011535					1	0.2489374	0.7510626	0.142	0.858			1.50026
1	0.144	333.5885	1.747526	0.874248	1.497423	1.011863					1	0.2516437	0.7483563	0.144	0.856			1.497423
1	0.146	333.5487	1.742011	0.8731457	1.494599	1.012196					1	0.2543335	0.7456665	0.146	0.854			1.494599
1	0.148	333.5092	1.736534	0.8720575	1.491786	1.012533					1	0.257007	0.742993	0.148	0.852			1.491786
1	0.15	333.4699	1.731096	0.870983	1.488985	1.012875					1	0.2596644	0.7403356	0.15	0.85			1.488985
1	0.152	333.4309	1.725696	0.8699224	1.486196	1.013222					1	0.2623058	0.7376942	0.152	0.848			1.486196
1	0.154	333.3922	1.720334	0.8688753	1.483419	1.013573					1	0.2649314	0.7350686	0.154	0.846			1.483419
1	0.156	333.3537	1.71501	0.8678418	1.480654	1.013929					1	0.2675415	0.7324585	0.156	0.844			1.480654
1	0.158	333.3154	1.709722	0.8668217	1.4779	1.01429					1	0.2701361	0.7298639	0.158	0.842			1.4779
1	0.16	333.2774	1.704471	0.865815	1.475158	1.014655					1	0.2727154	0.7272846	0.16	0.84			1.475158
1	0.162	333.2396	1.699257	0.8648214	1.472427	1.015025					1	0.2752796	0.7247204	0.162	0.838			1.472427
1	0.164	333.2021	1.694079	0.863841	1.469708	1.0154					1	0.2778289	0.7221711	0.164	0.836			1.469708
1	0.166	333.1649	1.688937	0.8628735	1.467001	1.015779					1	0.2803634	0.7196366	0.166	0.834			1.467001
1	0.168	333.1278	1.68383	0.861919	1.464304	1.016163					1	0.2828834	0.7171166	0.168	0.832			1.464304
1	0.17	333.0911	1.678758	0.8609773	1.46162	1.016552					1	0.2853888	0.7146112	0.17	0.83			1.46162
1	0.172	333.0545	1.673721	0.8600483	1.458946	1.016945					1	0.28788	0.71212	0.172	0.828			1.458946
1	0.174	333.0182	1.668719	0.8591319	1.456284	1.017344					1	0.290357	0.709643	0.174	0.826			1.456284
1	0.176	332.9821	1.663751	0.858228	1.453633	1.017746					1	0.2928201	0.7071799	0.176	0.824			1.453633
1	0.178	332.9463	1.658817	0.8573365	1.450994	1.018154					1	0.2952693	0.7047307	0.178	0.822			1.450994
1	0.18	332.9106	1.653916	0.8564574	1.448365	1.018566					1	0.2977049	0.7022951	0.18	0.82			1.448365
1	0.182	332.8752	1.649049	0.8555905	1.445748	1.018983					1	0.3001269	0.6998731	0.182	0.818			1.445748
1	0.184	332.8401	1.644215	0.8547358	1.443142	1.019405					1	0.3025355	0.6974645	0.184	0.816			1.443142
1	0.186	332.8051	1.639414	0.8538932	1.440547	1.019831					1	0.3049309	0.6950691	0.186	0.814			1.440547
1	0.188	332.7704	1.634645	0.8530625	1.437963	1.020263					1	0.3073132	0.6926868	0.188	0.812			1.437963
1	0.19	332.7359	1.629908	0.8522437	1.43539	1.020698					1	0.3096825	0.6903175	0.19	0.81			1.43539
1	0.192	332.7017	1.625204	0.8514367	1.432828	1.021139					1	0.3120391	0.6879609	0.192	0.808			1.432828
1	0.194	332.6676	1.620531	0.8506415	1.430277	1.021584					1	0.3143829	0.6856171	0.194	0.806			1.430277
1	0.196	332.6338	1.615889	0.8498578	1.427736	1.022035					1	0.3167143	0.6832857	0.196	0.804			1.427736
1	0.198	332.6001	1.611279	0.8490858	1.425207	1.02249					1	0.3190332	0.6809668	0.198	0.802			1.425207
1	0.2	332.5667	1.606699	0.8483252	1.422688	1.022949					1	0.3213398	0.6786602	0.2	0.8			1.422688
1	0.202	332.5335	1.60215	0.847576	1.42018	1.023414					1	0.3236343	0.6763657	0.202	0.798			1.42018
1	0.204	332.5005	1.597632	0.8468381	1.417683	1.023883					1	0.3259168	0.6740832	0.204	0.796			1.417683
1	0.206	332.4677	1.593143	0.8461114	1.415196	1.024357					1	0.3281875	0.6718125	0.206	0.794			1.415196
1	0.208	332.4352	1.588685	0.8453959	1.412721	1.024836					1	0.3304463	0.6695537	0.208	0.792			1.412721
1	0.21	332.4028	1.584256	0.8446915	1.410255	1.025319					1	0.3326936	0.6673064	0.21	0.79			1.410255
1	0.212	332.3706	1.579856	0.8439982	1.4078	1.025807					1	0.3349294	0.6650706	0.212	0.788			1.4078
1	0.214	332.3387	1.575485	0.8433157	1.405356	1.026301					1	0.3371538	0.6628462	0.214	0.786			1.405356
1	0.216	332.3069	1.571143	0.8426441	1.402922	1.026798					1	0.339367	0.660633	0.216	0.784			1.402922
1	0.218	332.2753	1.56683	0.8419834	1.400499	1.027301					1	0.341569	0.658431	0.218	0.782			1.400499
1	0.22	332.244	1.562546	0.8413333	1.398086	1.027809					1	0.34376	0.65624	0.22	0.78			1.398086
1	0.222	332.2128	1.558289	0.8406939	1.395683	1.028321					1	0.3459402	0.6540598	0.222	0.778			1.395683
1	0.224	332.1818	1.55406	0.8400651	1.393291	1.028838					1	0.3481095	0.6518905	0.224	0.776			1.393291
1	0.226	332.1511	1.549859	0.8394468	1.390908	1.02936					1	0.3502682	0.6497318	0.226	0.774			1.390908
1	0.228	332.1205	1.545686	0.8388389	1.388537	1.029887					1	0.3524164	0.6475836	0.228	0.772			1.388537
1	0.23	332.0901	1.541539	0.8382415	1.386175	1.030419					1	0.3545541	0.6454459	0.23	0.77			1.386175
1	0.232	332.0599	1.53742	0.8376543	1.383823	1.030956					1	0.3566815	0.6433185	0.232	0.768			1.383823
1	0.234	332.0298	1.533328	0.8370774	1.381482	1.031497					1	0.3587987	0.6412013	0.234	0.766			1.381482
1	0.236	332	1.529262	0.8365107	1.379151	1.032043					1	0.3609058	0.6390942	0.236	0.764			1.379151
1	0.238	331.9704	1.525222	0.8359542	1.37683	1.032595					1	0.3630029	0.6369971	0.238	0.762			1.37683
1	0.24	331.9409	1.521209	0.8354077	1.374518	1.033151					1	0.3650902	0.6349098	0.24	0.76			1.374518
1	0.242	331.9116	1.517222	0.8348712	1.372217	1.033712					1	0.3671677	0.6328323	0.242	0.758			1.372217
1	0.244	331.8825	1.51326	0.8343446	1.369926	1.034278					1	0.3692355	0.6307645	0.244	0.756			1.369926
1	0.246	331.8536	1.509324	0.833828	1.367645	1.034848					1	0.3712937	0.6287063	0.246	0.754			1.367645
1	0.248	331.8249	1.505413	0.8333211	1.365373	1.035424					1	0.3733425	0.6266575	0.248	0.752			1.365373
1	0.25	331.7963	1.501528	0.8328241	1.363111	1.036004					1	0.3753819	0.6246181	0.25	0.75			1.363111
1	0.252	331.7679	1.497667	0.8323367	1.360859	1.03659					1	0.3774121	0.6225879	0.252	0.748			1.360859
1	0.254	331.7397	1.493831	0.8318591	1.358617	1.03718					1	0.3794331	0.6205669	0.254	0.746			1.358617
1	0.256	331.7117	1.49002	0.831391	1.356385	1.037776					1	0.3814451	0.6185549	0.256	0.744			1.356385
1	0.258	331.6838	1.486233	0.8309325	1.354162	1.038376					1	0.3834481	0.6165519	0.258	0.742			1.354162
1	0.26	331.6561	1.48247	0.8304835	1.351949	1.038981					1	0.3854422	0.6145578	0.26	0.74			1.351949
1	0.262	331.6286	1.478731	0.8300439	1.349746	1.039591					1	0.3874276	0.6125724	0.262	0.738			1.349746
1	0.264	331.6012	1.475016	0.8296137	1.347552	1.040206					1	0.3894043	0.6105957	0.264	0.736			1.347552
1	0.266	331.574	1.471325	0.8291928	1.345368	1.040827					1	0.3913725	0.6086275	0.266	0.734			1.345368
1	0.268	331.547	1.467657	0.8287813	1.343193	1.041452					1	0.3933321	0.6066679	0.268	0.732			1.343193
1	0.27	331.5202	1.464012	0.8283789	1.341028	1.042082					1	0.3952834	0.6047166	0.27	0.73			1.341028
1	0.272	331.4935	1.460391	0.8279858	1.338872	1.042717					1	0.3972263	0.6027737	0.272	0.728			1.338872
1	0.274	331.4669	1.456792	0.8276018	1.336725	1.043357					1	0.3991611	0.6008389	0.274	0.726			1.336725
1	0.276	331.4406	1.453216	0.8272269	1.334588	1.044002					1	0.4010877	0.5989123	0.276	0.724			1.334588
1	0.278	331.4144	1.449663	0.8268611	1.332461	1.044652					1	0.4030063	0.5969937	0.278	0.722			1.332461
1	0.28	331.3883	1.446132	0.8265042	1.330342	1.045307					1	0.404917	0.595083	0.28	0.72			1.330342
1	0.282	331.3624	1.442623	0.8261563	1.328233	1.045967					1	0.4068198	0.5931802	0.282	0.718			1.328233
1	0.284	331.3367	1.439137	0.8258173	1.326133	1.046632					1	0.4087148	0.5912852	0.284	0.716			1.326133
1	0.286	331.3111	1.435672	0.8254872	1.324043	1.047302					1	0.4106021	0.5893979	0.286	0.714			1.324043
1	0.288	331.2857	1.432229	0.8251659	1.321961	1.047978					1	0.4124819	0.5875181	0.288	0.712			1.321961
1	0.29	331.2604	1.428807	0.8248534	1.319889	1.048658					1	0.4143541	0.5856459	0.29	0.71			1.319889
1	0.292	331.2353	1.425407	0.8245496	1.317826	1.049343					1	0.4162189	0.5837811	0.292	0.708			1.317826
1	0.294	331.2104	1.422028	0.8242545	1.315772	1.050034					1	0.4180763	0.5819237	0.294	0.706			1.315772
1	0.296	331.1856	1.418671	0.823968	1.313727	1.05073					1	0.4199265	0.5800735	0.296	0.704			1.313727
1	0.298	331.1609	1.415334	0.8236902	1.311691	1.05143					1	0.4217695	0.5782305	0.298	0.702			1.311691
1	0.3	331.1364	1.412018	0.8234209	1.309663	1.052136					1	0.4236054	0.5763946	0.3	0.7			1.309663
1	0.302	331.112	1.408723	0.8231602	1.307645	1.052847					1	0.4254342	0.5745658	0.302	0.698			1.307645
1	0.304	331.0878	1.405448	0.8229079	1.305636	1.053563					1	0.4272561	0.5727439	0.304	0.696			1.305636
1	0.306	331.0638	1.402193	0.8226641	1.303636	1.054284					1	0.4290711	0.5709289	0.306	0.694			1.303636
1	0.308	331.0398	1.398959	0.8224287	1.301644	1.05501					1	0.4308793	0.5691207	0.308	0.692			1.301644
1	0.31	331.0161	1.395745	0.8222017	1.299662	1.055742					1	0.4326808	0.5673192	0.31	0.69			1.299662
1	0.312	330.9924	1.39255	0.821983	1.297688	1.056478					1	0.4344757	0.5655243	0.312	0.688			1.297688
1	0.314	330.9689	1.389376	0.8217727	1.295723	1.05722					1	0.4362639	0.5637361	0.314	0.686			1.295723
1	0.316	330.9456	1.386221	0.8215706	1.293767	1.057967					1	0.4380457	0.5619543	0.316	0.684			1.293767
1	0.318	330.9224	1.383085	0.8213767	1.291819	1.058719					1	0.4398211	0.5601789	0.318	0.682			1.291819
1	0.32	330.8993	1.379969	0.8211911	1.28988	1.059477					1	0.4415901	0.5584099	0.32	0.68			1.28988
1	0.322	330.8764	1.376872	0.8210135	1.28795	1.060239					1	0.4433528	0.5566472	0.322	0.678			1.28795
1	0.324	330.8536	1.373794	0.8208442	1.286028	1.061007					1	0.4451093	0.5548907	0.324	0.676			1.286028
1	0.326	330.8309	1.370735	0.8206829	1.284115	1.06178					1	0.4468597	0.5531403	0.326	0.674			1.284115
1	0.328	330.8084	1.367695	0.8205297	1.28221	1.062558					1	0.448604	0.551396	0.328	0.672			1.28221
1	0.33	330.786	1.364674	0.8203845	1.280314	1.063342					1	0.4503424	0.5496576	0.33	0.67			1.280314
1	0.332	330.7638	1.361671	0.8202474	1.278427	1.064131					1	0.4520748	0.5479252	0.332	0.668			1.278427
1	0.334	330.7417	1.358686	0.8201182	1.276548	1.064925					1	0.4538013	0.5461987	0.334	0.666			1.276548
1	0.336	330.7197	1.35572	0.8199969	1.274677	1.065724					1	0.455522	0.544478	0.336	0.664			1.274677
1	0.338	330.6978	1.352772	0.8198836	1.272815	1.066528					1	0.4572371	0.5427629	0.338	0.662			1.272815
1	0.34	330.6761	1.349842	0.8197781	1.270961	1.067338					1	0.4589464	0.5410536	0.34	0.66			1.270961
1	0.342	330.6545	1.34693	0.8196805	1.269116	1.068154					1	0.4606502	0.5393498	0.342	0.658			1.269116
1	0.344	330.6331	1.344036	0.8195908	1.267278	1.068974					1	0.4623485	0.5376515	0.344	0.656			1.267278
1	0.346	330.6117	1.34116	0.8195088	1.26545	1.0698					1	0.4640413	0.5359587	0.346	0.654			1.26545
1	0.348	330.5905	1.338301	0.8194346	1.263629	1.070631					1	0.4657287	0.5342713	0.348	0.652			1.263629
1	0.35	330.5695	1.335459	0.8193681	1.261817	1.071468					1	0.4674107	0.5325893	0.35	0.65			1.261817
1	0.352	330.5485	1.332635	0.8193094	1.260012	1.07231					1	0.4690875	0.5309125	0.352	0.648			1.260012
1	0.354	330.5277	1.329828	0.8192583	1.258216	1.073157					1	0.4707591	0.5292409	0.354	0.646			1.258216
1	0.356	330.507	1.327038	0.8192149	1.256428	1.074009					1	0.4724256	0.5275744	0.356	0.644			1.256428
1	0.358	330.4864	1.324265	0.8191792	1.254649	1.074868					1	0.474087	0.525913	0.358	0.642			1.254649
1	0.36	330.466	1.321509	0.8191511	1.252877	1.075731					1	0.4757433	0.5242567	0.36	0.64			1.252877
1	0.362	330.4456	1.31877	0.8191305	1.251113	1.0766					1	0.4773947	0.5226053	0.362	0.638			1.251113
1	0.364	330.4254	1.316047	0.8191175	1.249358	1.077474					1	0.4790412	0.5209588	0.364	0.636			1.249358
1	0.366	330.4053	1.313341	0.8191121	1.24761	1.078354					1	0.4806829	0.5193171	0.366	0.634			1.24761
1	0.368	330.3854	1.310652	0.8191142	1.245871	1.079239					1	0.4823198	0.5176802	0.368	0.632			1.245871
1	0.37	330.3655	1.307978	0.8191238	1.244139	1.08013					1	0.483952	0.516048	0.37	0.63			1.244139
1	0.372	330.3458	1.305321	0.8191409	1.242416	1.081026					1	0.4855795	0.5144205	0.372	0.628			1.242416
1	0.374	330.3262	1.30268	0.8191654	1.2407	1.081928					1	0.4872024	0.5127976	0.374	0.626			1.2407
1	0.376	330.3067	1.300055	0.8191974	1.238992	1.082835					1	0.4888208	0.5111792	0.376	0.624			1.238992
1	0.378	330.2873	1.297446	0.8192368	1.237292	1.083747					1	0.4904347	0.5095653	0.378	0.622			1.237292
1	0.38	330.2681	1.294853	0.8192836	1.2356	1.084666					1	0.4920442	0.5079558	0.38	0.62			1.2356
1	0.382	330.2489	1.292276	0.8193377	1.233915	1.085589					1	0.4936493	0.5063507	0.382	0.618			1.233915
1	0.384	330.2299	1.289714	0.8193992	1.232239	1.086519					1	0.4952501	0.5047499	0.384	0.616			1.232239
1	0.386	330.211	1.287167	0.8194681	1.23057	1.087453					1	0.4968466	0.5031534	0.386	0.614			1.23057
1	0.388	330.1922	1.284636	0.8195443	1.228909	1.088394					1	0.4984389	0.5015611	0.388	0.612			1.228909
1	0.39	330.1735	1.282121	0.8196277	1.227255	1.08934					1	0.5000271	0.4999729	0.39	0.61			1.227255
1	0.392	330.1549	1.27962	0.8197185	1.225609	1.090291					1	0.5016112	0.4983888	0.392	0.608			1.225609
1	0.394	330.1364	1.277135	0.8198165	1.223971	1.091249					1	0.5031912	0.4968088	0.394	0.606			1.223971
1	0.396	330.1181	1.274665	0.8199218	1.22234	1.092211					1	0.5047672	0.4952328	0.396	0.604			1.22234
1	0.398	330.0999	1.272209	0.8200343	1.220718	1.09318					1	0.5063394	0.4936606	0.398	0.602			1.220718
1	0.4	330.0817	1.269769	0.820154	1.219102	1.094154					1	0.5079076	0.4920924	0.4	0.6			1.219102
1	0.402	330.0637	1.267343	0.8202809	1.217494	1.095134					1	0.509472	0.490528	0.402	0.598			1.217494
1	0.404	330.0458	1.264932	0.820415	1.215894	1.096119					1	0.5110326	0.4889674	0.404	0.596			1.215894
1	0.406	330.028	1.262536	0.8205563	1.214301	1.09711					1	0.5125896	0.4874104	0.406	0.594			1.214301
1	0.408	330.0103	1.260154	0.8207047	1.212716	1.098107					1	0.5141428	0.4858572	0.408	0.592			1.212716
1	0.41	329.9927	1.257786	0.8208603	1.211138	1.09911					1	0.5156924	0.4843076	0.41	0.59			1.211138
1	0.412	329.9752	1.255433	0.821023	1.209567	1.100118					1	0.5172385	0.4827615	0.412	0.588			1.209567
1	0.414	329.9578	1.253094	0.8211928	1.208004	1.101132					1	0.518781	0.481219	0.414	0.586			1.208004
1	0.416	329.9406	1.250769	0.8213697	1.206449	1.102152					1	0.5203201	0.4796799	0.416	0.584			1.206449
1	0.418	329.9234	1.248459	0.8215537	1.2049	1.103177					1	0.5218557	0.4781443	0.418	0.582			1.2049
1	0.42	329.9063	1.246162	0.8217448	1.203359	1.104209					1	0.523388	0.476612	0.42	0.58			1.203359
1	0.422	329.8894	1.243879	0.8219429	1.201825	1.105246					1	0.524917	0.475083	0.422	0.578			1.201825
1	0.424	329.8725	1.24161	0.8221481	1.200299	1.106289					1	0.5264427	0.4735573	0.424	0.576			1.200299
1	0.426	329.8558	1.239355	0.8223604	1.19878	1.107337					1	0.5279652	0.4720348	0.426	0.574			1.19878
1	0.428	329.8391	1.237113	0.8225796	1.197268	1.108392					1	0.5294844	0.4705156	0.428	0.572			1.197268
1	0.43	329.8226	1.234885	0.8228059	1.195763	1.109452					1	0.5310006	0.4689994	0.43	0.57			1.195763
1	0.432	329.8061	1.232671	0.8230392	1.194265	1.110519					1	0.5325137	0.4674863	0.432	0.568			1.194265
1	0.434	329.7898	1.23047	0.8232795	1.192775	1.111591					1	0.5340238	0.4659762	0.434	0.566			1.192775
1	0.436	329.7735	1.228282	0.8235268	1.191292	1.112669					1	0.5355309	0.4644691	0.436	0.564			1.191292
1	0.438	329.7574	1.226107	0.8237811	1.189816	1.113753					1	0.537035	0.462965	0.438	0.562			1.189816
1	0.44	329.7413	1.223946	0.8240423	1.188347	1.114843					1	0.5385363	0.4614637	0.44	0.56			1.188347
1	0.442	329.7254	1.221798	0.8243105	1.186885	1.115939					1	0.5400347	0.4599653	0.442	0.558			1.186885
1	0.444	329.7095	1.219663	0.8245857	1.18543	1.117041					1	0.5415304	0.4584696	0.444	0.556			1.18543
1	0.446	329.6938	1.217541	0.8248678	1.183982	1.118149					1	0.5430232	0.4569768	0.446	0.554			1.183982
1	0.448	329.6781	1.215432	0.8251569	1.182541	1.119263					1	0.5445134	0.4554866	0.448	0.552			1.182541
1	0.45	329.6625	1.213335	0.8254529	1.181107	1.120382					1	0.5460009	0.4539991	0.45	0.55			1.181107
1	0.452	329.6471	1.211252	0.8257558	1.17968	1.121508					1	0.5474858	0.4525142	0.452	0.548			1.17968
1	0.454	329.6317	1.209181	0.8260656	1.17826	1.12264					1	0.5489682	0.4510318	0.454	0.546			1.17826
1	0.456	329.6164	1.207123	0.8263824	1.176847	1.123778					1	0.550448	0.449552	0.456	0.544			1.176847
1	0.458	329.6013	1.205077	0.8267061	1.175441	1.124922					1	0.5519253	0.4480747	0.458	0.542			1.175441
1	0.46	329.5862	1.203044	0.8270366	1.174042	1.126072					1	0.5534002	0.4465998	0.46	0.54			1.174042
1	0.462	329.5712	1.201023	0.8273741	1.172649	1.127228					1	0.5548727	0.4451273	0.462	0.538			1.172649
1	0.464	329.5563	1.199015	0.8277185	1.171264	1.128391					1	0.5563429	0.4436571	0.464	0.536			1.171264
1	0.466	329.5415	1.197019	0.8280698	1.169885	1.129559					1	0.5578107	0.4421893	0.466	0.534			1.169885
1	0.468	329.5268	1.195035	0.8284279	1.168513	1.130734					1	0.5592763	0.4407237	0.468	0.532			1.168513
1	0.47	329.5122	1.193063	0.828793	1.167148	1.131914					1	0.5607397	0.4392603	0.47	0.53			1.167148
1	0.472	329.4977	1.191104	0.8291649	1.165789	1.133101					1	0.5622009	0.4377991	0.472	0.528			1.165789
1	0.474	329.4833	1.189156	0.8295437	1.164437	1.134294					1	0.56366	0.43634	0.474	0.526			1.164437
1	0.476	329.4689	1.187221	0.8299294	1.163092	1.135494					1	0.565117	0.434883	0.476	0.524			1.163092
1	0.478	329.4547	1.185297	0.8303219	1.161754	1.136699					1	0.566572	0.433428	0.478	0.522			1.161754
1	0.48	329.4405	1.183385	0.8307213	1.160423	1.137911					1	0.5680249	0.4319751	0.48	0.52			1.160423
1	0.482	329.4265	1.181485	0.8311276	1.159098	1.139129					1	0.5694759	0.4305241	0.482	0.518			1.159098
1	0.484	329.4125	1.179597	0.8315408	1.157779	1.140353					1	0.570925	0.429075	0.484	0.516			1.157779
1	0.486	329.3986	1.17772	0.8319608	1.156468	1.141584					1	0.5723721	0.4276278	0.486	0.514			1.156468
1	0.488	329.3848	1.175856	0.8323877	1.155162	1.142821					1	0.5738175	0.4261825	0.488	0.512			1.155162
1	0.49	329.3711	1.174002	0.8328215	1.153864	1.144064					1	0.5752611	0.4247389	0.49	0.51			1.153864
1	0.492	329.3575	1.17216	0.8332621	1.152572	1.145314					1	0.5767029	0.4232971	0.492	0.508			1.152572
1	0.494	329.344	1.17033	0.8337096	1.151286	1.14657					1	0.578143	0.421857	0.494	0.506			1.151286
1	0.496	329.3305	1.168511	0.8341639	1.150007	1.147832					1	0.5795814	0.4204186	0.496	0.504			1.150007
1	0.498	329.3172	1.166703	0.8346252	1.148735	1.149101					1	0.5810182	0.4189818	0.498	0.502			1.148735
1	0.5	329.3039	1.164907	0.8350933	1.147469	1.150376					1	0.5824534	0.4175466	0.5	0.5			1.147469
1	0.502	329.2908	1.163122	0.8355683	1.14621	1.151658					1	0.583887	0.416113	0.502	0.498			1.14621
1	0.504	329.2777	1.161347	0.8360501	1.144956	1.152946					1	0.5853191	0.4146809	0.504	0.496			1.144956
1	0.506	329.2647	1.159585	0.8365389	1.14371	1.154241					1	0.5867498	0.4132502	0.506	0.494			1.14371
1	0.508	329.2518	1.157833	0.8370345	1.14247	1.155542					1	0.588179	0.411821	0.508	0.492			1.14247
1	0.51	329.239	1.156092	0.837537	1.141236	1.156849					1	0.5896069	0.4103931	0.51	0.49			1.141236
1	0.512	329.2262	1.154362	0.8380463	1.140008	1.158163					1	0.5910334	0.4089666	0.512	0.488			1.140008
1	0.514	329.2136	1.152643	0.8385626	1.138787	1.159484					1	0.5924586	0.4075414	0.514	0.486			1.138787
1	0.516	329.201	1.150935	0.8390858	1.137572	1.160811					1	0.5938825	0.4061175	0.516	0.484			1.137572
1	0.518	329.1885	1.149238	0.8396158	1.136364	1.162145					1	0.5953052	0.4046948	0.518	0.482			1.136364
1	0.52	329.1761	1.147551	0.8401528	1.135162	1.163485					1	0.5967267	0.4032733	0.52	0.48			1.135162
1	0.522	329.1638	1.145875	0.8406966	1.133966	1.164832					1	0.598147	0.401853	0.522	0.478			1.133966
1	0.524	329.1516	1.14421	0.8412474	1.132776	1.166186					1	0.5995662	0.4004338	0.524	0.476			1.132776
1	0.526	329.1394	1.142556	0.8418051	1.131593	1.167546					1	0.6009844	0.3990156	0.526	0.474			1.131593
1	0.528	329.1274	1.140912	0.8423698	1.130416	1.168913					1	0.6024015	0.3975985	0.528	0.472			1.130416
1	0.53	329.1154	1.139278	0.8429413	1.129245	1.170287					1	0.6038176	0.3961824	0.53	0.47			1.129245
1	0.532	329.1035	1.137656	0.8435198	1.12808	1.171668					1	0.6052327	0.3947673	0.532	0.468			1.12808
1	0.534	329.0917	1.136043	0.8441052	1.126921	1.173055					1	0.606647	0.393353	0.534	0.466			1.126921
1	0.536	329.08	1.134441	0.8446976	1.125769	1.174449					1	0.6080603	0.3919397	0.536	0.464			1.125769
1	0.538	329.0683	1.132849	0.845297	1.124622	1.175849					1	0.6094728	0.3905272	0.538	0.462			1.124622
1	0.54	329.0568	1.131268	0.8459033	1.123482	1.177257					1	0.6108845	0.3891155	0.54	0.46			1.123482
1	0.542	329.0453	1.129696	0.8465165	1.122348	1.178671					1	0.6122954	0.3877046	0.542	0.458			1.122348
1	0.544	329.0339	1.128135	0.8471368	1.12122	1.180093					1	0.6137056	0.3862944	0.544	0.456			1.12122
1	0.546	329.0226	1.126584	0.8477641	1.120098	1.181521					1	0.6151151	0.3848849	0.546	0.454			1.120098
1	0.548	329.0114	1.125044	0.8483983	1.118982	1.182956					1	0.616524	0.383476	0.548	0.452			1.118982
1	0.55	329.0002	1.123513	0.8490396	1.117873	1.184397					1	0.6179322	0.3820678	0.55	0.45			1.117873
1	0.552	328.9892	1.121992	0.8496879	1.116769	1.185846					1	0.6193398	0.3806602	0.552	0.448			1.116769
1	0.554	328.9782	1.120482	0.8503432	1.115671	1.187302					1	0.6207469	0.3792531	0.554	0.446			1.115671
1	0.556	328.9673	1.118981	0.8510055	1.114579	1.188764					1	0.6221535	0.3778465	0.556	0.444			1.114579
1	0.558	328.9565	1.11749	0.851675	1.113494	1.190234					1	0.6235597	0.3764403	0.558	0.442			1.113494
1	0.56	328.9457	1.11601	0.8523514	1.112414	1.191711					1	0.6249654	0.3750346	0.56	0.44			1.112414
1	0.562	328.9351	1.114539	0.853035	1.11134	1.193194					1	0.6263707	0.3736293	0.562	0.438			1.11134
1	0.564	328.9245	1.113077	0.8537256	1.110272	1.194685					1	0.6277756	0.3722244	0.564	0.436			1.110272
1	0.566	328.914	1.111626	0.8544233	1.10921	1.196183					1	0.6291803	0.3708197	0.566	0.434			1.10921
1	0.568	328.9036	1.110184	0.8551282	1.108154	1.197688					1	0.6305846	0.3694154	0.568	0.432			1.108154
1	0.57	328.8932	1.108752	0.8558401	1.107103	1.1992					1	0.6319888	0.3680112	0.57	0.43			1.107103
1	0.572	328.883	1.10733	0.8565592	1.106059	1.200719					1	0.6333927	0.3666073	0.572	0.428			1.106059
1	0.574	328.8728	1.105917	0.8572854	1.10502	1.202245					1	0.6347964	0.3652036	0.574	0.426			1.10502
1	0.576	328.8627	1.104514	0.8580188	1.103988	1.203779					1	0.6362	0.3638	0.576	0.424			1.103988
1	0.578	328.8527	1.10312	0.8587594	1.102961	1.20532					1	0.6376035	0.3623965	0.578	0.422			1.102961
1	0.58	328.8428	1.101736	0.8595072	1.10194	1.206868					1	0.639007	0.360993	0.58	0.42			1.10194
1	0.582	328.8329	1.100362	0.8602622	1.100925	1.208423					1	0.6404104	0.3595896	0.582	0.418			1.100925
1	0.584	328.8231	1.098996	0.8610244	1.099915	1.209985					1	0.6418139	0.3581861	0.584	0.416			1.099915
1	0.586	328.8134	1.097641	0.8617938	1.098911	1.211555					1	0.6432174	0.3567826	0.586	0.414			1.098911
1	0.588	328.8038	1.096294	0.8625705	1.097913	1.213132					1	0.644621	0.355379	0.588	0.412			1.097913
1	0.59	328.7943	1.094957	0.8633545	1.096921	1.214717					1	0.6460247	0.3539753	0.59	0.41			1.096921
1	0.592	328.7848	1.093629	0.8641457	1.095935	1.216308					1	0.6474286	0.3525714	0.592	0.408			1.095935
1	0.594	328.7755	1.092311	0.8649442	1.094954	1.217907					1	0.6488326	0.3511674	0.594	0.406			1.094954
1	0.596	328.7662	1.091002	0.8657501	1.093979	1.219514					1	0.650237	0.349763	0.596	0.404			1.093979
1	0.598	328.7569	1.089702	0.8665633	1.093009	1.221128					1	0.6516416	0.3483584	0.598	0.402			1.093009
1	0.6	328.7478	1.088411	0.8673838	1.092045	1.22275					1	0.6530465	0.3469535	0.6	0.4			1.092045
1	0.602	328.7388	1.087129	0.8682118	1.091087	1.224379					1	0.6544517	0.3455483	0.602	0.398			1.091087
1	0.604	328.7298	1.085857	0.8690471	1.090135	1.226015					1	0.6558574	0.3441426	0.604	0.396			1.090135
1	0.606	328.7209	1.084593	0.8698898	1.089188	1.227659					1	0.6572634	0.3427366	0.606	0.394			1.089188
1	0.608	328.712	1.083339	0.8707399	1.088247	1.229311					1	0.6586699	0.3413301	0.608	0.392			1.088247
1	0.61	328.7033	1.082093	0.8715975	1.087311	1.23097					1	0.660077	0.339923	0.61	0.39			1.087311
1	0.612	328.6946	1.080857	0.8724626	1.086381	1.232636					1	0.6614845	0.3385155	0.612	0.388			1.086381
1	0.614	328.6861	1.07963	0.8733352	1.085456	1.234311					1	0.6628926	0.3371074	0.614	0.386			1.085456
1	0.616	328.6776	1.078411	0.8742152	1.084537	1.235993					1	0.6643013	0.3356987	0.616	0.384			1.084537
1	0.618	328.6691	1.077202	0.8751028	1.083624	1.237682					1	0.6657107	0.3342893	0.618	0.382			1.083624
1	0.62	328.6608	1.076001	0.875998	1.082716	1.23938					1	0.6671208	0.3328792	0.62	0.38			1.082716
1	0.622	328.6525	1.07481	0.8769007	1.081814	1.241085					1	0.6685315	0.3314685	0.622	0.378			1.081814
1	0.624	328.6443	1.073627	0.877811	1.080917	1.242798					1	0.6699431	0.3300569	0.624	0.376			1.080917
1	0.626	328.6362	1.072453	0.878729	1.080026	1.244518					1	0.6713554	0.3286446	0.626	0.374			1.080026
1	0.628	328.6282	1.071287	0.8796545	1.07914	1.246247					1	0.6727685	0.3272315	0.628	0.372			1.07914
1	0.63	328.6202	1.070131	0.8805878	1.078259	1.247983					1	0.6741825	0.3258175	0.63	0.37			1.078259
1	0.632	328.6124	1.068983	0.8815287	1.077385	1.249727					1	0.6755974	0.3244026	0.632	0.368			1.077385
1	0.634	328.6046	1.067844	0.8824774	1.076515	1.251479					1	0.6770133	0.3229867	0.634	0.366			1.076515
1	0.636	328.5968	1.066714	0.8834337	1.075651	1.253239					1	0.6784301	0.3215699	0.636	0.364			1.075651
1	0.638	328.5892	1.065592	0.8843979	1.074792	1.255007					1	0.679848	0.320152	0.638	0.362			1.074792
1	0.64	328.5816	1.064479	0.8853698	1.073939	1.256783					1	0.6812669	0.3187331	0.64	0.36			1.073939
1	0.642	328.5742	1.063375	0.8863496	1.073091	1.258567					1	0.6826869	0.3173131	0.642	0.358			1.073091
1	0.644	328.5668	1.062279	0.8873371	1.072249	1.260359					1	0.684108	0.315892	0.644	0.356			1.072249
1	0.646	328.5595	1.061192	0.8883326	1.071412	1.262158					1	0.6855303	0.3144697	0.646	0.354			1.071412
1	0.648	328.5522	1.060114	0.8893359	1.07058	1.263966					1	0.6869538	0.3130462	0.648	0.352			1.07058
1	0.65	328.5451	1.059044	0.8903472	1.069754	1.265782					1	0.6883785	0.3116215	0.65	0.35			1.069754
1	0.652	328.538	1.057982	0.8913664	1.068933	1.267607					1	0.6898045	0.3101955	0.652	0.348			1.068933
1	0.654	328.531	1.056929	0.8923936	1.068117	1.269439					1	0.6912318	0.3087682	0.654	0.346			1.068117
1	0.656	328.5241	1.055885	0.8934287	1.067306	1.271279					1	0.6926605	0.3073395	0.656	0.344			1.067306
1	0.658	328.5172	1.054849	0.894472	1.066501	1.273128					1	0.6940906	0.3059094	0.658	0.342			1.066501
1	0.66	328.5105	1.053821	0.8955232	1.065702	1.274985					1	0.6955221	0.3044779	0.66	0.34			1.065702
1	0.662	328.5038	1.052802	0.8965826	1.064907	1.27685					1	0.6969551	0.3030449	0.662	0.338			1.064907
1	0.664	328.4972	1.051792	0.8976501	1.064118	1.278723					1	0.6983896	0.3016104	0.664	0.336			1.064118
1	0.666	328.4907	1.050789	0.8987257	1.063334	1.280605					1	0.6998256	0.3001744	0.666	0.334			1.063334
1	0.668	328.4842	1.049795	0.8998095	1.062555	1.282495					1	0.7012632	0.2987368	0.668	0.332			1.062555
1	0.67	328.4779	1.04881	0.9009016	1.061782	1.284394					1	0.7027025	0.2972975	0.67	0.33			1.061782
1	0.672	328.4716	1.047832	0.9020019	1.061013	1.286301					1	0.7041434	0.2958566	0.672	0.328			1.061013
1	0.674	328.4654	1.046864	0.9031104	1.06025	1.288216					1	0.705586	0.294414	0.674	0.326			1.06025
1	0.676	328.4593	1.045903	0.9042273	1.059492	1.29014					1	0.7070304	0.2929696	0.676	0.324			1.059492
1	0.678	328.4533	1.044951	0.9053525	1.05874	1.292072					1	0.7084765	0.2915235	0.678	0.322			1.05874
1	0.68	328.4473	1.044007	0.9064861	1.057992	1.294013					1	0.7099245	0.2900755	0.68	0.32			1.057992
1	0.682	328.4414	1.043071	0.9076281	1.05725	1.295962					1	0.7113743	0.2886257	0.682	0.318			1.05725
1	0.684	328.4356	1.042143	0.9087785	1.056513	1.29792					1	0.712826	0.287174	0.684	0.316			1.056513
1	0.686	328.4299	1.041224	0.9099374	1.055781	1.299886					1	0.7142796	0.2857204	0.686	0.314			1.055781
1	0.688	328.4243	1.040313	0.9111049	1.055054	1.301861					1	0.7157352	0.2842648	0.688	0.312			1.055054
1	0.69	328.4188	1.03941	0.9122809	1.054332	1.303845					1	0.7171929	0.2828071	0.69	0.31			1.054332
1	0.692	328.4133	1.038515	0.9134654	1.053615	1.305838					1	0.7186526	0.2813474	0.692	0.308			1.053615
1	0.694	328.4079	1.037629	0.9146586	1.052904	1.307839					1	0.7201144	0.2798856	0.694	0.306			1.052904
1	0.696	328.4026	1.036751	0.9158605	1.052198	1.309849					1	0.7215784	0.2784216	0.696	0.304			1.052198
1	0.698	328.3974	1.03588	0.9170711	1.051496	1.311868					1	0.7230445	0.2769555	0.698	0.302			1.051496
1	0.7	328.3923	1.035018	0.9182904	1.0508	1.313895					1	0.7245128	0.2754872	0.7	0.3			1.0508
1	0.702	328.3873	1.034165	0.9195184	1.050109	1.315931					1	0.7259835	0.2740165	0.702	0.298			1.050109
1	0.704	328.3823	1.033319	0.9207553	1.049423	1.317977					1	0.7274564	0.2725436	0.704	0.296			1.049423
1	0.706	328.3774	1.032481	0.9220011	1.048742	1.320031					1	0.7289316	0.2710684	0.706	0.294			1.048742
1	0.708	328.3726	1.031652	0.9232557	1.048066	1.322094					1	0.7304093	0.2695907	0.708	0.292			1.048066
1	0.71	328.3679	1.03083	0.9245193	1.047395	1.324166					1	0.7318894	0.2681106	0.71	0.29			1.047395
1	0.712	328.3633	1.030017	0.9257919	1.046729	1.326247					1	0.7333719	0.2666281	0.712	0.288			1.046729
1	0.714	328.3588	1.029211	0.9270734	1.046068	1.328337					1	0.734857	0.265143	0.714	0.286			1.046068
1	0.716	328.3543	1.028414	0.9283641	1.045412	1.330436					1	0.7363446	0.2636554	0.716	0.284			1.045412
1	0.718	328.3499	1.027625	0.9296638	1.044761	1.332545					1	0.7378348	0.2621652	0.718	0.282			1.044761
1	0.72	328.3457	1.026844	0.9309727	1.044115	1.334662					1	0.7393276	0.2606724	0.72	0.28			1.044115
1	0.722	328.3415	1.026071	0.9322908	1.043474	1.336788					1	0.7408231	0.2591769	0.722	0.278			1.043474
1	0.724	328.3373	1.025306	0.9336181	1.042839	1.338924					1	0.7423214	0.2576786	0.724	0.276			1.042839
1	0.726	328.3333	1.024549	0.9349547	1.042208	1.341069					1	0.7438224	0.2561776	0.726	0.274			1.042208
1	0.728	328.3294	1.0238	0.9363006	1.041582	1.343223					1	0.7453262	0.2546738	0.728	0.272			1.041582
1	0.73	328.3255	1.023059	0.9376559	1.04096	1.345387					1	0.7468329	0.2531671	0.73	0.27			1.04096
1	0.732	328.3218	1.022326	0.9390206	1.040344	1.34756					1	0.7483424	0.2516576	0.732	0.268			1.040344
1	0.734	328.3181	1.021601	0.9403948	1.039733	1.349742					1	0.749855	0.250145	0.734	0.266			1.039733
1	0.736	328.3145	1.020884	0.9417785	1.039127	1.351933					1	0.7513705	0.2486295	0.736	0.264			1.039127
1	0.738	328.311	1.020175	0.9431717	1.038526	1.354134					1	0.752889	0.247111	0.738	0.262			1.038526
1	0.74	328.3076	1.019474	0.9445746	1.037929	1.356345					1	0.7544106	0.2455894	0.74	0.26			1.037929
1	0.742	328.3043	1.018781	0.9459871	1.037338	1.358565					1	0.7559353	0.2440647	0.742	0.258			1.037338
1	0.744	328.3011	1.018096	0.9474093	1.036751	1.360794					1	0.7574632	0.2425368	0.744	0.256			1.036751
1	0.746	328.2979	1.017419	0.9488413	1.036169	1.363033					1	0.7589943	0.2410057	0.746	0.254			1.036169
1	0.748	328.2949	1.01675	0.9502831	1.035592	1.365282					1	0.7605286	0.2394714	0.748	0.252			1.035592
1	0.75	328.2919	1.016088	0.9517348	1.03502	1.36754					1	0.7620663	0.2379337	0.75	0.25			1.03502
1	0.752	328.289	1.015435	0.9531963	1.034453	1.369808					1	0.7636073	0.2363927	0.752	0.248			1.034453
1	0.754	328.2863	1.01479	0.9546679	1.033891	1.372085					1	0.7651517	0.2348483	0.754	0.246			1.033891
1	0.756	328.2836	1.014153	0.9561495	1.033333	1.374373					1	0.7666995	0.2333005	0.756	0.244			1.033333
1	0.758	328.281	1.013524	0.9576411	1.032781	1.37667					1	0.7682508	0.2317492	0.758	0.242			1.032781
1	0.76	328.2785	1.012902	0.9591429	1.032233	1.378976					1	0.7698057	0.2301943	0.76	0.24			1.032233
1	0.762	328.2761	1.012289	0.9606548	1.03169	1.381293					1	0.7713641	0.2286359	0.762	0.238			1.03169
1	0.764	328.2737	1.011684	0.962177	1.031152	1.38362					1	0.7729262	0.2270738	0.764	0.236			1.031152
1	0.766	328.2715	1.011086	0.9637095	1.030618	1.385956					1	0.7744919	0.2255081	0.766	0.234			1.030618
1	0.768	328.2694	1.010497	0.9652524	1.03009	1.388302					1	0.7760614	0.2239386	0.768	0.232			1.03009
1	0.77	328.2674	1.009915	0.9668057	1.029566	1.390659					1	0.7776347	0.2223653	0.77	0.23			1.029566
1	0.772	328.2654	1.009342	0.9683694	1.029047	1.393025					1	0.7792117	0.2207882	0.772	0.228			1.029047
1	0.774	328.2636	1.008776	0.9699437	1.028533	1.395402					1	0.7807927	0.2192073	0.774	0.226			1.028533
1	0.776	328.2618	1.008219	0.9715286	1.028023	1.397788					1	0.7823776	0.2176224	0.776	0.224			1.028023
1	0.778	328.2602	1.007669	0.9731241	1.027519	1.400185					1	0.7839664	0.2160336	0.778	0.222			1.027519
1	0.78	328.2586	1.007127	0.9747304	1.027019	1.402591					1	0.7855593	0.2144407	0.78	0.22			1.027019
1	0.782	328.2572	1.006594	0.9763474	1.026524	1.405008					1	0.7871562	0.2128438	0.782	0.218			1.026524
1	0.784	328.2558	1.006068	0.9779753	1.026033	1.407436					1	0.7887573	0.2112427	0.784	0.216			1.026033
1	0.786	328.2545	1.00555	0.9796141	1.025548	1.409873					1	0.7903626	0.2096374	0.786	0.214			1.025548
1	0.788	328.2534	1.005041	0.9812639	1.025067	1.412321					1	0.791972	0.208028	0.788	0.212			1.025067
1	0.79	328.2523	1.004539	0.9829246	1.024591	1.414779					1	0.7935858	0.2064142	0.79	0.21			1.024591
1	0.792	328.2513	1.004045	0.9845965	1.024119	1.417247					1	0.7952039	0.2047961	0.792	0.208			1.024119
1	0.794	328.2505	1.00356	0.9862796	1.023652	1.419726					1	0.7968264	0.2031736	0.794	0.206			1.023652
1	0.796	328.2497	1.003082	0.9879739	1.02319	1.422216					1	0.7984533	0.2015467	0.796	0.204			1.02319
1	0.798	328.2491	1.002612	0.9896795	1.022733	1.424715					1	0.8000847	0.1999153	0.798	0.202			1.022733
1	0.8	328.2485	1.002151	0.9913965	1.02228	1.427226					1	0.8017207	0.1982793	0.8	0.2			1.02228
1	0.802	328.248	1.001697	0.9931249	1.021832	1.429747					1	0.8033613	0.1966388	0.802	0.198			1.021832
1	0.804	328.2477	1.001252	0.9948649	1.021389	1.432278					1	0.8050065	0.1949935	0.804	0.196			1.021389
1	0.806	328.2474	1.000814	0.9966164	1.020951	1.43482					1	0.8066564	0.1933436	0.806	0.194			1.020951
1	0.808	328.2473	1.000385	0.9983796	1.020517	1.437373					1	0.8083111	0.1916889	0.808	0.192			1.020517
1	0.81	328.2472	0.9999638	1.000155	1.020087	1.439937					1	0.8099706	0.1900294	0.81	0.19			1.020087
1	0.812	328.2473	0.9995505	1.001941	1.019663	1.442511					1	0.811635	0.188365	0.812	0.188			1.019663
1	0.814	328.2475	0.9991454	1.00374	1.019243	1.445096					1	0.8133044	0.1866956	0.814	0.186			1.019243
1	0.816	328.2477	0.9987484	1.005551	1.018828	1.447692					1	0.8149787	0.1850213	0.816	0.184			1.018828
1	0.818	328.2481	0.9983595	1.007373	1.018417	1.450299					1	0.8166581	0.1833419	0.818	0.182			1.018417
1	0.82	328.2486	0.9979788	1.009208	1.018011	1.452917					1	0.8183426	0.1816574	0.82	0.18			1.018011
1	0.822	328.2492	0.9976061	1.011055	1.01761	1.455546					1	0.8200322	0.1799678	0.822	0.178			1.01761
1	0.824	328.2499	0.9972417	1.012914	1.017213	1.458185					1	0.8217271	0.1782729	0.824	0.176			1.017213
1	0.826	328.2507	0.9968854	1.014786	1.016821	1.460836					1	0.8234273	0.1765727	0.826	0.174			1.016821
1	0.828	328.2517	0.9965372	1.01667	1.016434	1.463498					1	0.8251328	0.1748672	0.828	0.172			1.016434
1	0.83	328.2527	0.9961973	1.018566	1.016051	1.466171					1	0.8268438	0.1731562	0.83	0.17			1.016051
1	0.832	328.2538	0.9958656	1.020475	1.015673	1.468855					1	0.8285602	0.1714398	0.832	0.168			1.015673
1	0.834	328.2551	0.9955421	1.022397	1.015299	1.47155					1	0.8302821	0.1697179	0.834	0.166			1.015299
1	0.836	328.2565	0.9952268	1.024332	1.01493	1.474257					1	0.8320096	0.1679904	0.836	0.164			1.01493
1	0.838	328.258	0.9949198	1.026279	1.014566	1.476975					1	0.8337428	0.1662572	0.838	0.162			1.014566
1	0.84	328.2596	0.9946211	1.028239	1.014206	1.479704					1	0.8354817	0.1645183	0.84	0.16			1.014206
1	0.842	328.2613	0.9943306	1.030213	1.013851	1.482444					1	0.8372264	0.1627736	0.842	0.158			1.013851
1	0.844	328.2631	0.9940485	1.032199	1.0135	1.485196					1	0.8389769	0.1610231	0.844	0.156			1.0135
1	0.846	328.2651	0.9937747	1.034199	1.013154	1.487959					1	0.8407334	0.1592667	0.846	0.154			1.013154
1	0.848	328.2671	0.9935092	1.036212	1.012812	1.490734					1	0.8424958	0.1575042	0.848	0.152			1.012812
1	0.85	328.2693	0.993252	1.038238	1.012475	1.493521					1	0.8442642	0.1557358	0.85	0.15			1.012475
1	0.852	328.2716	0.9930033	1.040278	1.012143	1.496318					1	0.8460388	0.1539612	0.852	0.148			1.012143
1	0.854	328.274	0.9927629	1.042332	1.011815	1.499128					1	0.8478195	0.1521805	0.854	0.146			1.011815
1	0.856	328.2766	0.992531	1.044399	1.011492	1.501949					1	0.8496065	0.1503935	0.856	0.144			1.011492
1	0.858	328.2793	0.9923075	1.04648	1.011173	1.504782					1	0.8513998	0.1486002	0.858	0.142			1.011173
1	0.86	328.282	0.9920925	1.048575	1.010859	1.507627					1	0.8531995	0.1468005	0.86	0.14			1.010859
1	0.862	328.285	0.9918859	1.050684	1.01055	1.510483					1	0.8550056	0.1449944	0.862	0.138			1.01055
1	0.864	328.288	0.9916878	1.052807	1.010245	1.513351					1	0.8568183	0.1431817	0.864	0.136			1.010245
1	0.866	328.2911	0.9914983	1.054944	1.009944	1.516231					1	0.8586375	0.1413625	0.866	0.134			1.009944
1	0.868	328.2944	0.9913173	1.057095	1.009648	1.519123					1	0.8604634	0.1395366	0.868	0.132			1.009648
1	0.87	328.2978	0.9911449	1.059261	1.009357	1.522027					1	0.8622961	0.1377039	0.87	0.13			1.009357
1	0.872	328.3014	0.9909811	1.061441	1.00907	1.524943					1	0.8641355	0.1358645	0.872	0.128			1.00907
1	0.874	328.305	0.9908259	1.063636	1.008787	1.527871					1	0.8659819	0.1340181	0.874	0.126			1.008787
1	0.876	328.3088	0.9906794	1.065845	1.008509	1.530811					1	0.8678352	0.1321648	0.876	0.124			1.008509
1	0.878	328.3128	0.9905416	1.06807	1.008236	1.533763					1	0.8696955	0.1303045	0.878	0.122			1.008236
1	0.88	328.3168	0.9904124	1.070309	1.007967	1.536727					1	0.8715629	0.1284371	0.88	0.12			1.007967
1	0.882	328.321	0.990292	1.072563	1.007703	1.539704					1	0.8734375	0.1265625	0.882	0.118			1.007703
1	0.884	328.3253	0.9901803	1.074833	1.007443	1.542693					1	0.8753194	0.1246806	0.884	0.116			1.007443
1	0.886	328.3298	0.9900774	1.077118	1.007188	1.545694					1	0.8772086	0.1227914	0.886	0.114			1.007188
1	0.888	328.3344	0.9899834	1.079418	1.006937	1.548707					1	0.8791052	0.1208948	0.888	0.112			1.006937
1	0.89	328.3391	0.9898981	1.081733	1.006691	1.551733					1	0.8810093	0.1189907	0.89	0.11			1.006691
1	0.892	328.344	0.9898218	1.084065	1.006449	1.554771					1	0.882921	0.117079	0.892	0.108			1.006449
1	0.894	328.3489	0.9897543	1.086412	1.006211	1.557822					1	0.8848404	0.1151596	0.894	0.106			1.006211
1	0.896	328.3541	0.9896958	1.088774	1.005979	1.560885					1	0.8867675	0.1132325	0.896	0.104			1.005979
1	0.898	328.3594	0.9896463	1.091153	1.00575	1.563961					1	0.8887024	0.1112976	0.898	0.102			1.00575
1	0.9	328.3648	0.9896058	1.093548	1.005526	1.567049					1	0.8906452	0.1093548	0.9	0.1			1.005526
1	0.902	328.3703	0.9895743	1.095959	1.005307	1.570151					1	0.892596	0.107404	0.902	0.098			1.005307
1	0.904	328.376	0.9895518	1.098387	1.005092	1.573264					1	0.8945549	0.1054451	0.904	0.096			1.005092
1	0.906	328.3819	0.9895385	1.100831	1.004882	1.576391					1	0.8965219	0.1034781	0.906	0.094			1.004882
1	0.908	328.3879	0.9895343	1.103291	1.004676	1.57953					1	0.8984972	0.1015028	0.908	0.092			1.004676
1	0.91	328.394	0.9895393	1.105769	1.004474	1.582682					1	0.9004808	0.0995192	0.91	0.09			1.004474
1	0.912	328.4003	0.9895536	1.108263	1.004277	1.585847					1	0.9024728	0.0975271	0.912	0.088			1.004277
1	0.914	328.4067	0.989577	1.110774	1.004084	1.589025					1	0.9044734	0.0955266	0.914	0.086			1.004084
1	0.916	328.4133	0.9896098	1.113303	1.003896	1.592216					1	0.9064826	0.0935174	0.916	0.084			1.003896
1	0.918	328.4201	0.9896519	1.115849	1.003713	1.59542					1	0.9085004	0.0914995	0.918	0.082			1.003713
1	0.92	328.4269	0.9897033	1.118412	1.003533	1.598637					1	0.9105271	0.0894729	0.92	0.08			1.003533
1	0.922	328.434	0.9897642	1.120993	1.003359	1.601867					1	0.9125626	0.0874374	0.922	0.078			1.003359
1	0.924	328.4412	0.9898345	1.123591	1.003188	1.60511					1	0.9146071	0.0853929	0.924	0.076			1.003188
1	0.926	328.4485	0.9899143	1.126208	1.003022	1.608367					1	0.9166606	0.0833393	0.926	0.074			1.003022
1	0.928	328.456	0.9900036	1.128842	1.002861	1.611636					1	0.9187234	0.0812766	0.928	0.072			1.002861
1	0.93	328.4637	0.9901026	1.131495	1.002704	1.614919					1	0.9207954	0.0792046	0.93	0.07			1.002704
1	0.932	328.4715	0.9902111	1.134166	1.002552	1.618216					1	0.9228767	0.0771232	0.932	0.068			1.002552
1	0.934	328.4795	0.9903293	1.136855	1.002404	1.621525					1	0.9249676	0.0750324	0.934	0.066			1.002404
1	0.936	328.4876	0.9904572	1.139563	1.00226	1.624848					1	0.927068	0.072932	0.936	0.064			1.00226
1	0.938	328.496	0.9905949	1.14229	1.002121	1.628185					1	0.929178	0.0708219	0.938	0.062			1.002121
1	0.94	328.5044	0.9907424	1.145036	1.001986	1.631535					1	0.9312979	0.0687021	0.94	0.06			1.001986
1	0.942	328.5131	0.9908998	1.147801	1.001856	1.634899					1	0.9334276	0.0665724	0.942	0.058			1.001856
1	0.944	328.5219	0.991067	1.150585	1.00173	1.638276					1	0.9355673	0.0644327	0.944	0.056			1.00173
1	0.946	328.5309	0.9912442	1.153388	1.001608	1.641667					1	0.937717	0.0622829	0.946	0.054			1.001608
1	0.948	328.54	0.9914314	1.156212	1.001491	1.645072					1	0.939877	0.060123	0.948	0.052			1.001491
1	0.95	328.5493	0.9916287	1.159055	1.001379	1.64849					1	0.9420473	0.0579527	0.95	0.05			1.001379
1	0.952	328.5588	0.9918361	1.161918	1.001271	1.651923					1	0.944228	0.055772	0.952	0.048			1.001271
1	0.954	328.5685	0.9920536	1.164801	1.001167	1.655369					1	0.9464192	0.0535808	0.954	0.046			1.001167
1	0.956	328.5783	0.9922814	1.167704	1.001067	1.658829					1	0.948621	0.0513789	0.956	0.044			1.001067
1	0.958	328.5883	0.9925194	1.170628	1.000973	1.662303					1	0.9508336	0.0491663	0.958	0.042			1.000973
1	0.96	328.5985	0.9927678	1.173573	1.000882	1.665791					1	0.9530571	0.0469429	0.96	0.04			1.000882
1	0.962	328.6089	0.9930266	1.176538	1.000796	1.669293					1	0.9552915	0.0447084	0.962	0.038			1.000796
1	0.964	328.6195	0.9932958	1.179525	1.000714	1.672809					1	0.9575371	0.0424628	0.964	0.036			1.000714
1	0.966	328.6302	0.9935755	1.182532	1.000637	1.676339					1	0.9597939	0.0402061	0.966	0.034			1.000637
1	0.968	328.6412	0.9938657	1.185562	1.000564	1.679883					1	0.962062	0.0379379	0.968	0.032			1.000564
1	0.97	328.6523	0.9941666	1.188612	1.000496	1.683442					1	0.9643416	0.0356583	0.97	0.03			1.000496
1	0.972	328.6636	0.9944782	1.191685	1.000432	1.687015					1	0.9666328	0.0333671	0.972	0.028			1.000432
1	0.974	328.6751	0.9948005	1.194779	1.000373	1.690602					1	0.9689357	0.0310642	0.974	0.026			1.000373
1	0.976	328.6868	0.9951337	1.197896	1.000317	1.694203					1	0.9712505	0.0287495	0.976	0.024			1.000317
1	0.978	328.6987	0.9954777	1.201035	1.000267	1.697819					1	0.9735772	0.0264227	0.978	0.022			1.000267
1	0.98	328.7108	0.9958329	1.204198	1.00022	1.70145					1	0.975916	0.024084	0.98	0.02			1.00022
1	0.982	328.723	0.9961989	1.207382	1.000179	1.705095					1	0.9782671	0.0217329	0.982	0.018			1.000179
1	0.984	328.7355	0.9965759	1.21059	1.000141	1.708754					1	0.9806305	0.0193694	0.984	0.016			1.000141
1	0.986	328.7482	0.9969641	1.213821	1.000108	1.712428					1	0.9830065	0.0169935	0.986	0.014			1.000108
1	0.988	328.7611	0.9973636	1.217075	1.000079	1.716117					1	0.9853951	0.0146049	0.988	0.012			1.000079
1	0.99	328.7741	0.9977743	1.220353	1.000055	1.71982					1	0.9877965	0.0122035	0.99	0.01			1.000055
1	0.992	328.7874	0.9981964	1.223656	1.000035	1.723539					1	0.9902107	0.00978925	0.992	0.008			1.000035
1	0.994	328.8009	0.9986299	1.226982	1.00002	1.727272					1	0.9926381	0.0073619	0.994	0.006			1.00002
1	0.996	328.8146	0.999075	1.230332	1.000009	1.731019					1	0.9950787	0.00492133	0.996	0.004			1.000009
1	0.998	328.8286	0.9995317	1.233708	1.000002	1.734782					1	0.9975326	0.00246742	0.998	0.002			1.000002
1	1	328.8427	0.9999999	1.237108	1	1.73856					1	1	0	1	0			1