TEMP	PRES	LIQUID PHIPC ACETONE	LIQUID PHIPC METHANOL	LIQUID PHIPC ETHANOL
K	bar		
320	1	1.000778	1.00081	1.001688
320.08	1	1.000772	1.000808	1.001685
320.16	1	1.000766	1.000805	1.001683
320.24	1	1.00076	1.000802	1.00168
320.32	1	1.000753	1.000799	1.001678
320.4	1	1.000747	1.000796	1.001675
320.48	1	1.000741	1.000793	1.001673
320.56	1	1.000734	1.00079	1.00167
320.64	1	1.000728	1.000788	1.001668
320.72	1	1.000722	1.000785	1.001665
320.8	1	1.000715	1.000782	1.001663
320.88	1	1.000709	1.000779	1.00166
320.96	1	1.000703	1.000776	1.001657
321.04	1	1.000696	1.000773	1.001655
321.12	1	1.00069	1.00077	1.001652
321.2	1	1.000683	1.000767	1.00165
321.28	1	1.000677	1.000764	1.001647
321.36	1	1.00067	1.000761	1.001644
321.44	1	1.000664	1.000758	1.001642
321.52	1	1.000657	1.000755	1.001639
321.6	1	1.000651	1.000753	1.001636
321.68	1	1.000644	1.00075	1.001634
321.76	1	1.000638	1.000747	1.001631
321.84	1	1.000631	1.000744	1.001628
321.92	1	1.000625	1.000741	1.001626
322	1	1.000618	1.000738	1.001623
322.08	1	1.000612	1.000735	1.00162
322.16	1	1.000605	1.000732	1.001618
322.24	1	1.000598	1.000729	1.001615
322.32	1	1.000592	1.000726	1.001612
322.4	1	1.000585	1.000722	1.001609
322.48	1	1.000579	1.000719	1.001607
322.56	1	1.000572	1.000716	1.001604
322.64	1	1.000565	1.000713	1.001601
322.72	1	1.000559	1.00071	1.001599
322.8	1	1.000552	1.000707	1.001596
322.88	1	1.000545	1.000704	1.001593
322.96	1	1.000538	1.000701	1.00159
323.04	1	1.000532	1.000698	1.001587
323.12	1	1.000525	1.000695	1.001585
323.2	1	1.000518	1.000692	1.001582
323.28	1	1.000511	1.000689	1.001579
323.36	1	1.000505	1.000685	1.001576
323.44	1	1.000498	1.000682	1.001573
323.52	1	1.000491	1.000679	1.001571
323.6	1	1.000484	1.000676	1.001568
323.68	1	1.000477	1.000673	1.001565
323.76	1	1.00047	1.00067	1.001562
323.84	1	1.000464	1.000666	1.001559
323.92	1	1.000457	1.000663	1.001556
324	1	1.00045	1.00066	1.001554
324.08	1	1.000443	1.000657	1.001551
324.16	1	1.000436	1.000654	1.001548
324.24	1	1.000429	1.00065	1.001545
324.32	1	1.000422	1.000647	1.001542
324.4	1	1.000415	1.000644	1.001539
324.48	1	1.000408	1.000641	1.001536
324.56	1	1.000401	1.000638	1.001533
324.64	1	1.000394	1.000634	1.00153
324.72	1	1.000387	1.000631	1.001527
324.8	1	1.00038	1.000628	1.001524
324.88	1	1.000373	1.000624	1.001522
324.96	1	1.000366	1.000621	1.001519
325.04	1	1.000359	1.000618	1.001516
325.12	1	1.000352	1.000615	1.001513
325.2	1	1.000344	1.000611	1.00151
325.28	1	1.000337	1.000608	1.001507
325.36	1	1.00033	1.000605	1.001504
325.44	1	1.000323	1.000601	1.001501
325.52	1	1.000316	1.000598	1.001498
325.6	1	1.000309	1.000595	1.001495
325.68	1	1.000301	1.000591	1.001492
325.76	1	1.000294	1.000588	1.001489
325.84	1	1.000287	1.000584	1.001485
325.92	1	1.00028	1.000581	1.001482
326	1	1.000273	1.000578	1.001479
326.08	1	1.000265	1.000574	1.001476
326.16	1	1.000258	1.000571	1.001473
326.24	1	1.000251	1.000567	1.00147
326.32	1	1.000243	1.000564	1.001467
326.4	1	1.000236	1.00056	1.001464
326.48	1	1.000229	1.000557	1.001461
326.56	1	1.000221	1.000554	1.001458
326.64	1	1.000214	1.00055	1.001455
326.72	1	1.000207	1.000547	1.001451
326.8	1	1.000199	1.000543	1.001448
326.88	1	1.000192	1.00054	1.001445
326.96	1	1.000184	1.000536	1.001442
327.04	1	1.000177	1.000533	1.001439
327.12	1	1.000169	1.000529	1.001436
327.2	1	1.000162	1.000526	1.001432
327.28	1	1.000154	1.000522	1.001429
327.36	1	1.000147	1.000518	1.001426
327.44	1	1.000139	1.000515	1.001423
327.52	1	1.000132	1.000511	1.00142
327.6	1	1.000124	1.000508	1.001416
327.68	1	1.000117	1.000504	1.001413
327.76	1	1.000109	1.000501	1.00141
327.84	1	1.000102	1.000497	1.001407
327.92	1	1.000094	1.000493	1.001403
328	1	1.000086	1.00049	1.0014
328.08	1	1.000079	1.000486	1.001397
328.16	1	1.000071	1.000483	1.001394
328.24	1	1.000063	1.000479	1.00139
328.32	1	1.000056	1.000475	1.001387
328.4	1	1.000048	1.000472	1.001384
328.48	1	1.00004	1.000468	1.00138
328.56	1	1.000033	1.000464	1.001377
328.64	1	1.000025	1.00046	1.001374
328.72	1	1.000017	1.000457	1.00137
328.8	1	1.000009	1.000453	1.001367
328.88	1	1.000001	1.000449	1.001364
328.96	1	0.9999936	1.000446	1.00136
329.04	1	0.9999858	1.000442	1.001357
329.12	1	0.999978	1.000438	1.001353
329.2	1	0.9999701	1.000434	1.00135
329.28	1	0.9999623	1.000431	1.001347
329.36	1	0.9999544	1.000427	1.001343
329.44	1	0.9999465	1.000423	1.00134
329.52	1	0.9999386	1.000419	1.001336
329.6	1	0.9999306	1.000416	1.001333
329.68	1	0.9999227	1.000412	1.001329
329.76	1	0.9999147	1.000408	1.001326
329.84	1	0.9999068	1.000404	1.001322
329.92	1	0.9998988	1.0004	1.001319
330	1	0.9998908	1.000396	1.001316
330.08	1	0.9998827	1.000393	1.001312
330.16	1	0.9998747	1.000389	1.001309
330.24	1	0.9998666	1.000385	1.001305
330.32	1	0.9998586	1.000381	1.001301
330.4	1	0.9998505	1.000377	1.001298
330.48	1	0.9998424	1.000373	1.001294
330.56	1	0.9998343	1.000369	1.001291
330.64	1	0.9998261	1.000365	1.001287
330.72	1	0.999818	1.000361	1.001284
330.8	1	0.9998098	1.000357	1.00128
330.88	1	0.9998016	1.000353	1.001277
330.96	1	0.9997934	1.000349	1.001273
331.04	1	0.9997852	1.000345	1.001269
331.12	1	0.999777	1.000341	1.001266
331.2	1	0.9997688	1.000338	1.001262
331.28	1	0.9997605	1.000334	1.001258
331.36	1	0.9997522	1.00033	1.001255
331.44	1	0.9997439	1.000325	1.001251
331.52	1	0.9997356	1.000321	1.001247
331.6	1	0.9997273	1.000317	1.001244
331.68	1	0.999719	1.000313	1.00124
331.76	1	0.9997106	1.000309	1.001236
331.84	1	0.9997022	1.000305	1.001233
331.92	1	0.9996939	1.000301	1.001229
332	1	0.9996855	1.000297	1.001225
332.08	1	0.999677	1.000293	1.001221
332.16	1	0.9996686	1.000289	1.001218
332.24	1	0.9996601	1.000285	1.001214
332.32	1	0.9996517	1.000281	1.00121
332.4	1	0.9996432	1.000276	1.001206
332.48	1	0.9996347	1.000272	1.001203
332.56	1	0.9996262	1.000268	1.001199
332.64	1	0.9996176	1.000264	1.001195
332.72	1	0.9996091	1.00026	1.001191
332.8	1	0.9996005	1.000256	1.001187
332.88	1	0.9995919	1.000251	1.001184
332.96	1	0.9995833	1.000247	1.00118
333.04	1	0.9995747	1.000243	1.001176
333.12	1	0.9995661	1.000239	1.001172
333.2	1	0.9995575	1.000235	1.001168
333.28	1	0.9995488	1.00023	1.001164
333.36	1	0.9995401	1.000226	1.00116
333.44	1	0.9995314	1.000222	1.001156
333.52	1	0.9995227	1.000217	1.001153
333.6	1	0.999514	1.000213	1.001149
333.68	1	0.9995052	1.000209	1.001145
333.76	1	0.9994965	1.000205	1.001141
333.84	1	0.9994877	1.0002	1.001137
333.92	1	0.9994789	1.000196	1.001133
334	1	0.9994701	1.000192	1.001129
334.08	1	0.9994612	1.000187	1.001125
334.16	1	0.9994524	1.000183	1.001121
334.24	1	0.9994435	1.000178	1.001117
334.32	1	0.9994346	1.000174	1.001113
334.4	1	0.9994257	1.00017	1.001109
334.48	1	0.9994168	1.000165	1.001105
334.56	1	0.9994079	1.000161	1.001101
334.64	1	0.999399	1.000156	1.001097
334.72	1	0.99939	1.000152	1.001093
334.8	1	0.999381	1.000148	1.001089
334.88	1	0.999372	1.000143	1.001084
334.96	1	0.999363	1.000139	1.00108
335.04	1	0.999354	1.000134	1.001076
335.12	1	0.9993449	1.00013	1.001072
335.2	1	0.9993358	1.000125	1.001068
335.28	1	0.9993268	1.000121	1.001064
335.36	1	0.9993177	1.000116	1.00106
335.44	1	0.9993085	1.000112	1.001056
335.52	1	0.9992994	1.000107	1.001051
335.6	1	0.9992903	1.000102	1.001047
335.68	1	0.9992811	1.000098	1.001043
335.76	1	0.9992719	1.000093	1.001039
335.84	1	0.9992627	1.000089	1.001035
335.92	1	0.9992535	1.000084	1.00103
336	1	0.9992442	1.00008	1.001026
336.08	1	0.999235	1.000075	1.001022
336.16	1	0.9992257	1.00007	1.001018
336.24	1	0.9992164	1.000066	1.001013
336.32	1	0.9992071	1.000061	1.001009
336.4	1	0.9991978	1.000056	1.001005
336.48	1	0.9991884	1.000052	1.001
336.56	1	0.9991791	1.000047	1.000996
336.64	1	0.9991697	1.000042	1.000992
336.72	1	0.9991603	1.000038	1.000987
336.8	1	0.9991509	1.000033	1.000983
336.88	1	0.9991415	1.000028	1.000979
336.96	1	0.999132	1.000023	1.000974
337.04	1	0.9991225	1.000019	1.00097
337.12	1	0.9991131	1.000014	1.000966
337.2	1	0.9991036	1.000009	1.000961
337.28	1	0.999094	1.000004	1.000957
337.36	1	0.9990845	0.9999994	1.000952
337.44	1	0.9990749	0.9999946	1.000948
337.52	1	0.9990654	0.9999898	1.000943
337.6	1	0.9990558	0.999985	1.000939
337.68	1	0.9990462	0.9999801	1.000935
337.76	1	0.9990365	0.9999753	1.00093
337.84	1	0.9990269	0.9999704	1.000926
337.92	1	0.9990172	0.9999655	1.000921
338	1	0.9990076	0.9999606	1.000917
338.08	1	0.9989979	0.9999557	1.000912
338.16	1	0.9989881	0.9999508	1.000907
338.24	1	0.9989784	0.9999459	1.000903
338.32	1	0.9989687	0.9999409	1.000898
338.4	1	0.9989589	0.999936	1.000894
338.48	1	0.9989491	0.999931	1.000889
338.56	1	0.9989393	0.9999261	1.000885
338.64	1	0.9989295	0.9999211	1.00088
338.72	1	0.9989196	0.9999161	1.000875
338.8	1	0.9989098	0.9999111	1.000871
338.88	1	0.9988999	0.999906	1.000866
338.96	1	0.99889	0.999901	1.000861
339.04	1	0.9988801	0.999896	1.000857
339.12	1	0.9988702	0.9998909	1.000852
339.2	1	0.9988602	0.9998859	1.000847
339.28	1	0.9988502	0.9998808	1.000843
339.36	1	0.9988402	0.9998757	1.000838
339.44	1	0.9988302	0.9998706	1.000833
339.52	1	0.9988202	0.9998655	1.000828
339.6	1	0.9988102	0.9998603	1.000824
339.68	1	0.9988001	0.9998552	1.000819
339.76	1	0.99879	0.9998501	1.000814
339.84	1	0.9987799	0.9998449	1.000809
339.92	1	0.9987698	0.9998397	1.000805
340	1	0.9987597	0.9998345	1.0008
340.08	1	0.9987495	0.9998293	1.000795
340.16	1	0.9987394	0.9998241	1.00079
340.24	1	0.9987292	0.9998189	1.000785
340.32	1	0.998719	0.9998137	1.00078
340.4	1	0.9987087	0.9998084	1.000776
340.48	1	0.9986985	0.9998032	1.000771
340.56	1	0.9986882	0.9997979	1.000766
340.64	1	0.9986779	0.9997926	1.000761
340.72	1	0.9986676	0.9997873	1.000756
340.8	1	0.9986573	0.999782	1.000751
340.88	1	0.998647	0.9997767	1.000746
340.96	1	0.9986366	0.9997713	1.000741
341.04	1	0.9986262	0.999766	1.000736
341.12	1	0.9986158	0.9997606	1.000731
341.2	1	0.9986054	0.9997553	1.000726
341.28	1	0.998595	0.9997499	1.000721
341.36	1	0.9985845	0.9997445	1.000716
341.44	1	0.998574	0.9997391	1.000711
341.52	1	0.9985636	0.9997337	1.000706
341.6	1	0.998553	0.9997282	1.000701
341.68	1	0.9985425	0.9997228	1.000696
341.76	1	0.998532	0.9997173	1.000691
341.84	1	0.9985214	0.9997119	1.000686
341.92	1	0.9985108	0.9997064	1.000681
342	1	0.9985002	0.9997009	1.000675
342.08	1	0.9984896	0.9996954	1.00067
342.16	1	0.9984789	0.9996898	1.000665
342.24	1	0.9984683	0.9996843	1.00066
342.32	1	0.9984576	0.9996788	1.000655
342.4	1	0.9984469	0.9996732	1.00065
342.48	1	0.9984362	0.9996676	1.000644
342.56	1	0.9984254	0.999662	1.000639
342.64	1	0.9984146	0.9996564	1.000634
342.72	1	0.9984039	0.9996508	1.000629
342.8	1	0.9983931	0.9996452	1.000624
342.88	1	0.9983822	0.9996396	1.000618
342.96	1	0.9983714	0.9996339	1.000613
343.04	1	0.9983606	0.9996283	1.000608
343.12	1	0.9983497	0.9996226	1.000602
343.2	1	0.9983388	0.9996169	1.000597
343.28	1	0.9983279	0.9996112	1.000592
343.36	1	0.9983169	0.9996055	1.000586
343.44	1	0.998306	0.9995998	1.000581
343.52	1	0.998295	0.999594	1.000576
343.6	1	0.998284	0.9995883	1.00057
343.68	1	0.998273	0.9995825	1.000565
343.76	1	0.9982619	0.9995767	1.000559
343.84	1	0.9982509	0.9995709	1.000554
343.92	1	0.9982398	0.9995651	1.000549
344	1	0.9982287	0.9995593	1.000543
344.08	1	0.9982176	0.9995535	1.000538
344.16	1	0.9982065	0.9995476	1.000532
344.24	1	0.9981953	0.9995418	1.000527
344.32	1	0.9981841	0.9995359	1.000521
344.4	1	0.9981729	0.99953	1.000516
344.48	1	0.9981617	0.9995241	1.00051
344.56	1	0.9981505	0.9995182	1.000505
344.64	1	0.9981392	0.9995123	1.000499
344.72	1	0.998128	0.9995063	1.000493
344.8	1	0.9981167	0.9995004	1.000488
344.88	1	0.9981054	0.9994944	1.000482
344.96	1	0.998094	0.9994884	1.000477
345.04	1	0.9980827	0.9994824	1.000471
345.12	1	0.9980713	0.9994764	1.000465
345.2	1	0.9980599	0.9994704	1.00046
345.28	1	0.9980485	0.9994644	1.000454
345.36	1	0.9980371	0.9994583	1.000448
345.44	1	0.9980256	0.9994522	1.000443
345.52	1	0.9980141	0.9994462	1.000437
345.6	1	0.9980026	0.9994401	1.000431
345.68	1	0.9979911	0.999434	1.000425
345.76	1	0.9979796	0.9994279	1.00042
345.84	1	0.997968	0.9994217	1.000414
345.92	1	0.9979564	0.9994156	1.000408
346	1	0.9979448	0.9994094	1.000402
346.08	1	0.9979332	0.9994032	1.000397
346.16	1	0.9979216	0.9993971	1.000391
346.24	1	0.9979099	0.9993909	1.000385
346.32	1	0.9978982	0.9993846	1.000379
346.4	1	0.9978865	0.9993784	1.000373
346.48	1	0.9978748	0.9993722	1.000367
346.56	1	0.9978631	0.9993659	1.000361
346.64	1	0.9978513	0.9993596	1.000355
346.72	1	0.9978395	0.9993534	1.00035
346.8	1	0.9978277	0.9993471	1.000344
346.88	1	0.9978159	0.9993407	1.000338
346.96	1	0.9978041	0.9993344	1.000332
347.04	1	0.9977922	0.9993281	1.000326
347.12	1	0.9977803	0.9993217	1.00032
347.2	1	0.9977684	0.9993154	1.000314
347.28	1	0.9977565	0.999309	1.000308
347.36	1	0.9977445	0.9993026	1.000302
347.44	1	0.9977325	0.9992962	1.000296
347.52	1	0.9977206	0.9992897	1.00029
347.6	1	0.9977085	0.9992833	1.000283
347.68	1	0.9976965	0.9992768	1.000277
347.76	1	0.9976844	0.9992704	1.000271
347.84	1	0.9976724	0.9992639	1.000265
347.92	1	0.9976603	0.9992574	1.000259
348	1	0.9976482	0.9992509	1.000253
348.08	1	0.997636	0.9992443	1.000247
348.16	1	0.9976239	0.9992378	1.00024
348.24	1	0.9976117	0.9992312	1.000234
348.32	1	0.9975995	0.9992247	1.000228
348.4	1	0.9975872	0.9992181	1.000222
348.48	1	0.997575	0.9992115	1.000215
348.56	1	0.9975627	0.9992049	1.000209
348.64	1	0.9975504	0.9991982	1.000203
348.72	1	0.9975381	0.9991916	1.000197
348.8	1	0.9975258	0.9991849	1.00019
348.88	1	0.9975135	0.9991782	1.000184
348.96	1	0.9975011	0.9991715	1.000178
349.04	1	0.9974887	0.9991648	1.000171
349.12	1	0.9974763	0.9991581	1.000165
349.2	1	0.9974638	0.9991514	1.000159
349.28	1	0.9974514	0.9991446	1.000152
349.36	1	0.9974389	0.9991379	1.000146
349.44	1	0.9974264	0.9991311	1.000139
349.52	1	0.9974139	0.9991243	1.000133
349.6	1	0.9974013	0.9991175	1.000126
349.68	1	0.9973887	0.9991107	1.00012
349.76	1	0.9973761	0.9991038	1.000113
349.84	1	0.9973635	0.999097	1.000107
349.92	1	0.9973509	0.9990901	1.0001
350	1	0.9973382	0.9990832	1.000094
350.08	1	0.9973256	0.9990763	1.000087
350.16	1	0.9973129	0.9990694	1.000081
350.24	1	0.9973001	0.9990625	1.000074
350.32	1	0.9972874	0.9990555	1.000067
350.4	1	0.9972746	0.9990486	1.000061
350.48	1	0.9972619	0.9990416	1.000054
350.56	1	0.997249	0.9990346	1.000048
350.64	1	0.9972362	0.9990276	1.000041
350.72	1	0.9972234	0.9990206	1.000034
350.8	1	0.9972105	0.9990135	1.000028
350.88	1	0.9971976	0.9990065	1.000021
350.96	1	0.9971847	0.9989994	1.000014
351.04	1	0.9971717	0.9989923	1.000007
351.12	1	0.9971588	0.9989852	1.000001
351.2	1	0.9971458	0.9989781	0.9999938
351.28	1	0.9971328	0.998971	0.999987
351.36	1	0.9971197	0.9989638	0.9999801
351.44	1	0.9971067	0.9989566	0.9999733
351.52	1	0.9970936	0.9989495	0.9999665
351.6	1	0.9970805	0.9989423	0.9999596
351.68	1	0.9970674	0.9989351	0.9999527
351.76	1	0.9970543	0.9989278	0.9999458
351.84	1	0.9970411	0.9989206	0.9999389
351.92	1	0.9970279	0.9989133	0.999932
352	1	0.9970147	0.9989061	0.999925
352.08	1	0.9970015	0.9988988	0.9999181
352.16	1	0.9969882	0.9988915	0.9999111
352.24	1	0.9969749	0.9988841	0.9999041
352.32	1	0.9969616	0.9988768	0.9998971
352.4	1	0.9969483	0.9988695	0.9998901
352.48	1	0.996935	0.9988621	0.999883
352.56	1	0.9969216	0.9988547	0.999876
352.64	1	0.9969082	0.9988473	0.9998689
352.72	1	0.9968948	0.9988399	0.9998618
352.8	1	0.9968813	0.9988324	0.9998547
352.88	1	0.9968679	0.998825	0.9998475
352.96	1	0.9968544	0.9988175	0.9998404
353.04	1	0.9968409	0.99881	0.9998332
353.12	1	0.9968274	0.9988025	0.9998261
353.2	1	0.9968138	0.998795	0.9998189
353.28	1	0.9968003	0.9987875	0.9998117
353.36	1	0.9967867	0.99878	0.9998044
353.44	1	0.996773	0.9987724	0.9997972
353.52	1	0.9967594	0.9987648	0.9997899
353.6	1	0.9967457	0.9987572	0.9997826
353.68	1	0.996732	0.9987496	0.9997753
353.76	1	0.9967183	0.998742	0.999768
353.84	1	0.9967046	0.9987343	0.9997607
353.92	1	0.9966908	0.9987267	0.9997533
354	1	0.9966771	0.998719	0.999746
354.08	1	0.9966632	0.9987113	0.9997386
354.16	1	0.9966494	0.9987036	0.9997312
354.24	1	0.9966356	0.9986958	0.9997238
354.32	1	0.9966217	0.9986881	0.9997163
354.4	1	0.9966078	0.9986803	0.9997089
354.48	1	0.9965939	0.9986726	0.9997014
354.56	1	0.9965799	0.9986648	0.9996939
354.64	1	0.996566	0.998657	0.9996864
354.72	1	0.996552	0.9986491	0.9996789
354.8	1	0.996538	0.9986413	0.9996713
354.88	1	0.9965239	0.9986334	0.9996638
354.96	1	0.9965099	0.9986255	0.9996562
355.04	1	0.9964958	0.9986176	0.9996486
355.12	1	0.9964817	0.9986097	0.999641
355.2	1	0.9964675	0.9986018	0.9996334
355.28	1	0.9964534	0.9985938	0.9996257
355.36	1	0.9964392	0.9985859	0.9996181
355.44	1	0.996425	0.9985779	0.9996104
355.52	1	0.9964108	0.9985699	0.9996027
355.6	1	0.9963965	0.9985619	0.999595
355.68	1	0.9963822	0.9985539	0.9995872
355.76	1	0.9963679	0.9985458	0.9995795
355.84	1	0.9963536	0.9985377	0.9995717
355.92	1	0.9963393	0.9985297	0.9995639
356	1	0.9963249	0.9985215	0.9995561
356.08	1	0.9963105	0.9985134	0.9995483
356.16	1	0.9962961	0.9985053	0.9995404
356.24	1	0.9962816	0.9984971	0.9995326
356.32	1	0.9962672	0.998489	0.9995247
356.4	1	0.9962527	0.9984808	0.9995168
356.48	1	0.9962382	0.9984726	0.9995089
356.56	1	0.9962236	0.9984644	0.9995009
356.64	1	0.9962091	0.9984561	0.999493
356.72	1	0.9961945	0.9984479	0.999485
356.8	1	0.9961799	0.9984396	0.999477
356.88	1	0.9961652	0.9984313	0.999469
356.96	1	0.9961506	0.998423	0.999461
357.04	1	0.9961359	0.9984146	0.9994529
357.12	1	0.9961212	0.9984063	0.9994449
357.2	1	0.9961065	0.9983979	0.9994368
357.28	1	0.9960917	0.9983895	0.9994287
357.36	1	0.9960769	0.9983812	0.9994205
357.44	1	0.9960621	0.9983727	0.9994124
357.52	1	0.9960473	0.9983643	0.9994042
357.6	1	0.9960324	0.9983558	0.9993961
357.68	1	0.9960176	0.9983474	0.9993879
357.76	1	0.9960026	0.9983389	0.9993797
357.84	1	0.9959877	0.9983304	0.9993714
357.92	1	0.9959728	0.9983219	0.9993632
358	1	0.9959578	0.9983133	0.9993549
358.08	1	0.9959428	0.9983047	0.9993466
358.16	1	0.9959278	0.9982962	0.9993383
358.24	1	0.9959127	0.9982876	0.99933
358.32	1	0.9958976	0.998279	0.9993216
358.4	1	0.9958825	0.9982703	0.9993133
358.48	1	0.9958674	0.9982617	0.9993049
358.56	1	0.9958523	0.998253	0.9992965
358.64	1	0.9958371	0.9982443	0.999288
358.72	1	0.9958219	0.9982356	0.9992796
358.8	1	0.9958067	0.9982269	0.9992711
358.88	1	0.9957914	0.9982181	0.9992626
358.96	1	0.9957761	0.9982094	0.9992541
359.04	1	0.9957608	0.9982006	0.9992456
359.12	1	0.9957455	0.9981918	0.9992371
359.2	1	0.9957302	0.998183	0.9992285
359.28	1	0.9957148	0.9981741	0.9992199
359.36	1	0.9956994	0.9981653	0.9992113
359.44	1	0.9956839	0.9981564	0.9992027
359.52	1	0.9956685	0.9981475	0.9991941
359.6	1	0.995653	0.9981386	0.9991854
359.68	1	0.9956375	0.9981297	0.9991767
359.76	1	0.995622	0.9981207	0.999168
359.84	1	0.9956064	0.9981118	0.9991593
359.92	1	0.9955909	0.9981028	0.9991506
360	1	0.9955753	0.9980938	0.9991418