TEMP	PRES	LIQUID FUG ACETONE	LIQUID FUG METHANOL	LIQUID FUG ETHANOL
K	bar	bar	bar	bar
320	1	0.7159151	0.4801653	0.2531307
320.08	1	0.7179818	0.4818658	0.2541213
320.16	1	0.7200532	0.4835713	0.2551152
320.24	1	0.7221292	0.4852818	0.2561123
320.32	1	0.7242099	0.4869974	0.2571127
320.4	1	0.7262954	0.488718	0.2581165
320.48	1	0.7283855	0.4904436	0.2591235
320.56	1	0.7304804	0.4921743	0.2601339
320.64	1	0.7325799	0.4939101	0.2611476
320.72	1	0.7346842	0.495651	0.2621646
320.8	1	0.7367932	0.497397	0.263185
320.88	1	0.7389069	0.4991481	0.2642088
320.96	1	0.7410254	0.5009043	0.2652359
321.04	1	0.7431487	0.5026656	0.2662664
321.12	1	0.7452767	0.5044321	0.2673002
321.2	1	0.7474094	0.5062037	0.2683375
321.28	1	0.749547	0.5079805	0.2693781
321.36	1	0.7516893	0.5097624	0.2704222
321.44	1	0.7538364	0.5115496	0.2714697
321.52	1	0.7559883	0.513342	0.2725206
321.6	1	0.7581449	0.5151395	0.2735749
321.68	1	0.7603064	0.5169423	0.2746327
321.76	1	0.7624728	0.5187504	0.2756939
321.84	1	0.7646439	0.5205636	0.2767586
321.92	1	0.7668198	0.5223822	0.2778267
322	1	0.7690006	0.524206	0.2788984
322.08	1	0.7711863	0.5260351	0.2799735
322.16	1	0.7733768	0.5278695	0.2810521
322.24	1	0.7755721	0.5297092	0.2821343
322.32	1	0.7777723	0.5315542	0.2832199
322.4	1	0.7799774	0.5334045	0.2843091
322.48	1	0.7821873	0.5352602	0.2854018
322.56	1	0.7844022	0.5371212	0.286498
322.64	1	0.7866219	0.5389876	0.2875978
322.72	1	0.7888465	0.5408594	0.2887012
322.8	1	0.7910761	0.5427365	0.2898081
322.88	1	0.7933105	0.5446191	0.2909186
322.96	1	0.7955499	0.5465071	0.2920327
323.04	1	0.7977942	0.5484005	0.2931504
323.12	1	0.8000434	0.5502993	0.2942716
323.2	1	0.8022976	0.5522036	0.2953965
323.28	1	0.8045567	0.5541133	0.2965251
323.36	1	0.8068208	0.5560285	0.2976572
323.44	1	0.8090898	0.5579492	0.298793
323.52	1	0.8113638	0.5598754	0.2999325
323.6	1	0.8136428	0.5618071	0.3010756
323.68	1	0.8159268	0.5637443	0.3022224
323.76	1	0.8182157	0.5656871	0.3033728
323.84	1	0.8205097	0.5676354	0.304527
323.92	1	0.8228086	0.5695892	0.3056848
324	1	0.8251126	0.5715486	0.3068464
324.08	1	0.8274216	0.5735136	0.3080117
324.16	1	0.8297356	0.5754842	0.3091807
324.24	1	0.8320547	0.5774604	0.3103534
324.32	1	0.8343788	0.5794422	0.3115299
324.4	1	0.8367079	0.5814297	0.3127101
324.48	1	0.8390421	0.5834228	0.3138941
324.56	1	0.8413814	0.5854215	0.3150819
324.64	1	0.8437257	0.5874259	0.3162734
324.72	1	0.8460751	0.589436	0.3174688
324.8	1	0.8484296	0.5914517	0.3186679
324.88	1	0.8507892	0.5934732	0.3198708
324.96	1	0.8531539	0.5955004	0.3210776
325.04	1	0.8555237	0.5975333	0.3222882
325.12	1	0.8578986	0.5995719	0.3235027
325.2	1	0.8602786	0.6016163	0.3247209
325.28	1	0.8626637	0.6036665	0.3259431
325.36	1	0.865054	0.6057224	0.3271691
325.44	1	0.8674495	0.6077842	0.328399
325.52	1	0.86985	0.6098517	0.3296328
325.6	1	0.8722557	0.611925	0.3308704
325.68	1	0.8746666	0.6140042	0.332112
325.76	1	0.8770827	0.6160892	0.3333575
325.84	1	0.8795039	0.6181801	0.3346069
325.92	1	0.8819303	0.6202768	0.3358603
326	1	0.884362	0.6223794	0.3371176
326.08	1	0.8867988	0.6244878	0.3383788
326.16	1	0.8892408	0.6266022	0.3396441
326.24	1	0.891688	0.6287225	0.3409132
326.32	1	0.8941405	0.6308487	0.3421864
326.4	1	0.8965981	0.6329809	0.3434636
326.48	1	0.899061	0.635119	0.3447448
326.56	1	0.9015292	0.6372631	0.3460299
326.64	1	0.9040026	0.6394131	0.3473192
326.72	1	0.9064812	0.6415692	0.3486124
326.8	1	0.9089651	0.6437312	0.3499097
326.88	1	0.9114543	0.6458992	0.351211
326.96	1	0.9139488	0.6480733	0.3525164
327.04	1	0.9164485	0.6502534	0.3538259
327.12	1	0.9189536	0.6524396	0.3551394
327.2	1	0.9214639	0.6546318	0.3564571
327.28	1	0.9239796	0.6568301	0.3577788
327.36	1	0.9265005	0.6590345	0.3591047
327.44	1	0.9290268	0.661245	0.3604347
327.52	1	0.9315584	0.6634616	0.3617688
327.6	1	0.9340953	0.6656844	0.363107
327.68	1	0.9366376	0.6679133	0.3644494
327.76	1	0.9391853	0.6701483	0.365796
327.84	1	0.9417382	0.6723895	0.3671467
327.92	1	0.9442966	0.6746369	0.3685016
328	1	0.9468603	0.6768905	0.3698608
328.08	1	0.9494294	0.6791503	0.3712241
328.16	1	0.9520039	0.6814163	0.3725916
328.24	1	0.9545838	0.6836885	0.3739633
328.32	1	0.9571691	0.685967	0.3753393
328.4	1	0.9597597	0.6882517	0.3767195
328.48	1	0.9623558	0.6905427	0.378104
328.56	1	0.9649574	0.69284	0.3794928
328.64	1	0.9675643	0.6951436	0.3808858
328.72	1	0.9701767	0.6974535	0.3822831
328.8	1	0.9727945	0.6997697	0.3836847
328.88	1	0.9754178	0.7020922	0.3850906
328.96	1	0.9780465	0.7044211	0.3865008
329.04	1	0.9806807	0.7067564	0.3879153
329.12	1	0.9833204	0.709098	0.3893342
329.2	1	0.9859655	0.7114461	0.3907574
329.28	1	0.9886162	0.7138005	0.3921849
329.36	1	0.9912723	0.7161613	0.3936169
329.44	1	0.9939339	0.7185286	0.3950532
329.52	1	0.996601	0.7209023	0.3964939
329.6	1	0.9992737	0.7232824	0.397939
329.68	1	1.001952	0.7256691	0.3993885
329.76	1	1.004636	0.7280622	0.4008424
329.84	1	1.007325	0.7304618	0.4023007
329.92	1	1.01002	0.7328679	0.4037635
330	1	1.01272	0.7352805	0.4052308
330.08	1	1.015426	0.7376996	0.4067025
330.16	1	1.018137	0.7401253	0.4081786
330.24	1	1.020854	0.7425576	0.4096593
330.32	1	1.023577	0.7449964	0.4111444
330.4	1	1.026305	0.7474419	0.412634
330.48	1	1.029039	0.7498939	0.4141282
330.56	1	1.031778	0.7523525	0.4156269
330.64	1	1.034523	0.7548178	0.4171301
330.72	1	1.037274	0.7572897	0.4186378
330.8	1	1.04003	0.7597682	0.4201501
330.88	1	1.042792	0.7622534	0.421667
330.96	1	1.045559	0.7647453	0.4231884
331.04	1	1.048333	0.7672439	0.4247145
331.12	1	1.051111	0.7697492	0.4262451
331.2	1	1.053896	0.7722612	0.4277803
331.28	1	1.056686	0.77478	0.4293202
331.36	1	1.059482	0.7773055	0.4308647
331.44	1	1.062283	0.7798378	0.4324138
331.52	1	1.06509	0.7823768	0.4339676
331.6	1	1.067903	0.7849226	0.435526
331.68	1	1.070722	0.7874752	0.4370891
331.76	1	1.073546	0.7900347	0.4386569
331.84	1	1.076376	0.7926009	0.4402294
331.92	1	1.079212	0.7951741	0.4418066
332	1	1.082053	0.797754	0.4433885
332.08	1	1.0849	0.8003409	0.4449751
332.16	1	1.087753	0.8029346	0.4465665
332.24	1	1.090612	0.8055352	0.4481626
332.32	1	1.093477	0.8081427	0.4497635
332.4	1	1.096347	0.8107572	0.4513691
332.48	1	1.099223	0.8133786	0.4529796
332.56	1	1.102104	0.8160069	0.4545948
332.64	1	1.104992	0.8186422	0.4562148
332.72	1	1.107885	0.8212845	0.4578396
332.8	1	1.110785	0.8239338	0.4594693
332.88	1	1.11369	0.8265901	0.4611038
332.96	1	1.1166	0.8292534	0.4627432
333.04	1	1.119517	0.8319238	0.4643874
333.12	1	1.122439	0.8346012	0.4660364
333.2	1	1.125368	0.8372856	0.4676904
333.28	1	1.128302	0.8399772	0.4693492
333.36	1	1.131242	0.8426758	0.471013
333.44	1	1.134188	0.8453815	0.4726816
333.52	1	1.137139	0.8480944	0.4743552
333.6	1	1.140097	0.8508144	0.4760337
333.68	1	1.14306	0.8535415	0.4777172
333.76	1	1.14603	0.8562758	0.4794056
333.84	1	1.149005	0.8590172	0.481099
333.92	1	1.151986	0.8617659	0.4827974
334	1	1.154973	0.8645217	0.4845008
334.08	1	1.157966	0.8672848	0.4862092
334.16	1	1.160965	0.8700551	0.4879225
334.24	1	1.16397	0.8728327	0.4896409
334.32	1	1.166981	0.8756175	0.4913644
334.4	1	1.169998	0.8784095	0.4930929
334.48	1	1.17302	0.8812089	0.4948264
334.56	1	1.176049	0.8840156	0.4965651
334.64	1	1.179084	0.8868296	0.4983088
334.72	1	1.182124	0.8896509	0.5000576
334.8	1	1.185171	0.8924795	0.5018115
334.88	1	1.188223	0.8953155	0.5035705
334.96	1	1.191282	0.8981589	0.5053347
335.04	1	1.194347	0.9010097	0.507104
335.12	1	1.197417	0.9038679	0.5088784
335.2	1	1.200494	0.9067334	0.510658
335.28	1	1.203576	0.9096065	0.5124428
335.36	1	1.206665	0.9124869	0.5142327
335.44	1	1.20976	0.9153748	0.5160279
335.52	1	1.212861	0.9182702	0.5178283
335.6	1	1.215967	0.9211731	0.5196339
335.68	1	1.21908	0.9240835	0.5214447
335.76	1	1.222199	0.9270014	0.5232607
335.84	1	1.225324	0.9299268	0.5250821
335.92	1	1.228456	0.9328597	0.5269086
336	1	1.231593	0.9358003	0.5287405
336.08	1	1.234736	0.9387483	0.5305776
336.16	1	1.237885	0.941704	0.5324201
336.24	1	1.241041	0.9446673	0.5342679
336.32	1	1.244203	0.9476382	0.5361209
336.4	1	1.24737	0.9506167	0.5379794
336.48	1	1.250544	0.9536029	0.5398431
336.56	1	1.253724	0.9565967	0.5417123
336.64	1	1.256911	0.9595982	0.5435867
336.72	1	1.260103	0.9626074	0.5454666
336.8	1	1.263302	0.9656243	0.5473519
336.88	1	1.266506	0.9686489	0.5492426
336.96	1	1.269717	0.9716813	0.5511387
337.04	1	1.272934	0.9747214	0.5530402
337.12	1	1.276158	0.9777692	0.5549472
337.2	1	1.279387	0.9808249	0.5568596
337.28	1	1.282623	0.9838883	0.5587775
337.36	1	1.285865	0.9869595	0.5607009
337.44	1	1.289113	0.9900385	0.5626297
337.52	1	1.292367	0.9931254	0.5645641
337.6	1	1.295628	0.9962201	0.5665039
337.68	1	1.298895	0.9993227	0.5684493
337.76	1	1.302168	1.002433	0.5704003
337.84	1	1.305447	1.005552	0.5723567
337.92	1	1.308733	1.008678	0.5743188
338	1	1.312024	1.011812	0.5762864
338.08	1	1.315323	1.014954	0.5782596
338.16	1	1.318627	1.018104	0.5802384
338.24	1	1.321938	1.021262	0.5822228
338.32	1	1.325255	1.024428	0.5842128
338.4	1	1.328578	1.027602	0.5862085
338.48	1	1.331908	1.030784	0.5882098
338.56	1	1.335244	1.033974	0.5902167
338.64	1	1.338586	1.037173	0.5922293
338.72	1	1.341935	1.040379	0.5942476
338.8	1	1.34529	1.043593	0.5962716
338.88	1	1.348651	1.046815	0.5983013
338.96	1	1.352019	1.050046	0.6003368
339.04	1	1.355393	1.053284	0.6023779
339.12	1	1.358773	1.056531	0.6044248
339.2	1	1.36216	1.059786	0.6064774
339.28	1	1.365554	1.063049	0.6085359
339.36	1	1.368953	1.06632	0.6106001
339.44	1	1.372359	1.069599	0.61267
339.52	1	1.375772	1.072887	0.6147458
339.6	1	1.37919	1.076183	0.6168274
339.68	1	1.382616	1.079487	0.6189148
339.76	1	1.386047	1.082799	0.6210081
339.84	1	1.389485	1.086119	0.6231072
339.92	1	1.39293	1.089448	0.6252122
340	1	1.396381	1.092785	0.6273231
340.08	1	1.399839	1.096131	0.6294398
340.16	1	1.403303	1.099484	0.6315625
340.24	1	1.406773	1.102846	0.633691
340.32	1	1.41025	1.106217	0.6358255
340.4	1	1.413733	1.109596	0.6379659
340.48	1	1.417223	1.112983	0.6401123
340.56	1	1.42072	1.116379	0.6422647
340.64	1	1.424222	1.119783	0.644423
340.72	1	1.427732	1.123195	0.6465873
340.8	1	1.431248	1.126616	0.6487576
340.88	1	1.43477	1.130045	0.6509339
340.96	1	1.438299	1.133483	0.6531163
341.04	1	1.441835	1.136929	0.6553047
341.12	1	1.445377	1.140384	0.6574991
341.2	1	1.448926	1.143848	0.6596996
341.28	1	1.452481	1.14732	0.6619062
341.36	1	1.456043	1.1508	0.6641188
341.44	1	1.459611	1.154289	0.6663376
341.52	1	1.463186	1.157787	0.6685625
341.6	1	1.466768	1.161293	0.6707935
341.68	1	1.470356	1.164808	0.6730306
341.76	1	1.473951	1.168331	0.6752739
341.84	1	1.477552	1.171863	0.6775234
341.92	1	1.48116	1.175404	0.679779
342	1	1.484775	1.178954	0.6820409
342.08	1	1.488396	1.182512	0.6843089
342.16	1	1.492024	1.186079	0.6865832
342.24	1	1.495658	1.189654	0.6888636
342.32	1	1.4993	1.193239	0.6911503
342.4	1	1.502948	1.196832	0.6934433
342.48	1	1.506602	1.200434	0.6957426
342.56	1	1.510263	1.204044	0.6980481
342.64	1	1.513931	1.207664	0.7003599
342.72	1	1.517606	1.211292	0.702678
342.8	1	1.521287	1.214929	0.7050024
342.88	1	1.524975	1.218575	0.7073332
342.96	1	1.52867	1.22223	0.7096703
343.04	1	1.532372	1.225894	0.7120138
343.12	1	1.53608	1.229566	0.7143636
343.2	1	1.539795	1.233248	0.7167198
343.28	1	1.543517	1.236938	0.7190824
343.36	1	1.547245	1.240637	0.7214514
343.44	1	1.55098	1.244346	0.7238269
343.52	1	1.554722	1.248063	0.7262087
343.6	1	1.558471	1.251789	0.728597
343.68	1	1.562227	1.255525	0.7309918
343.76	1	1.565989	1.259269	0.7333931
343.84	1	1.569758	1.263022	0.7358008
343.92	1	1.573534	1.266785	0.738215
344	1	1.577317	1.270556	0.7406358
344.08	1	1.581106	1.274337	0.7430631
344.16	1	1.584902	1.278127	0.7454969
344.24	1	1.588706	1.281926	0.7479372
344.32	1	1.592516	1.285733	0.7503842
344.4	1	1.596333	1.289551	0.7528377
344.48	1	1.600156	1.293377	0.7552978
344.56	1	1.603987	1.297212	0.7577644
344.64	1	1.607824	1.301057	0.7602378
344.72	1	1.611669	1.304911	0.7627177
344.8	1	1.61552	1.308774	0.7652043
344.88	1	1.619378	1.312646	0.7676975
344.96	1	1.623243	1.316528	0.7701974
345.04	1	1.627115	1.320418	0.772704
345.12	1	1.630993	1.324319	0.7752173
345.2	1	1.634879	1.328228	0.7777373
345.28	1	1.638772	1.332147	0.7802641
345.36	1	1.642671	1.336075	0.7827975
345.44	1	1.646578	1.340012	0.7853377
345.52	1	1.650491	1.343959	0.7878847
345.6	1	1.654412	1.347916	0.7904384
345.68	1	1.658339	1.351881	0.792999
345.76	1	1.662273	1.355856	0.7955663
345.84	1	1.666214	1.359841	0.7981405
345.92	1	1.670163	1.363835	0.8007215
346	1	1.674118	1.367838	0.8033093
346.08	1	1.67808	1.371851	0.805904
346.16	1	1.682049	1.375873	0.8085055
346.24	1	1.686025	1.379905	0.8111139
346.32	1	1.690009	1.383947	0.8137293
346.4	1	1.693999	1.387998	0.8163515
346.48	1	1.697996	1.392058	0.8189807
346.56	1	1.702	1.396128	0.8216168
346.64	1	1.706012	1.400208	0.8242598
346.72	1	1.71003	1.404297	0.8269098
346.8	1	1.714055	1.408396	0.8295668
346.88	1	1.718088	1.412505	0.8322308
346.96	1	1.722127	1.416623	0.8349018
347.04	1	1.726174	1.420751	0.8375798
347.12	1	1.730228	1.424889	0.8402648
347.2	1	1.734289	1.429036	0.8429569
347.28	1	1.738357	1.433194	0.845656
347.36	1	1.742431	1.43736	0.8483622
347.44	1	1.746514	1.441537	0.8510755
347.52	1	1.750603	1.445723	0.8537959
347.6	1	1.754699	1.44992	0.8565234
347.68	1	1.758803	1.454126	0.8592581
347.76	1	1.762913	1.458341	0.8619999
347.84	1	1.767031	1.462567	0.8647488
347.92	1	1.771156	1.466803	0.8675049
348	1	1.775288	1.471048	0.8702681
348.08	1	1.779427	1.475303	0.8730386
348.16	1	1.783574	1.479568	0.8758163
348.24	1	1.787727	1.483844	0.8786012
348.32	1	1.791888	1.488129	0.8813933
348.4	1	1.796056	1.492424	0.8841927
348.48	1	1.800231	1.496729	0.8869994
348.56	1	1.804413	1.501044	0.8898133
348.64	1	1.808603	1.505369	0.8926345
348.72	1	1.8128	1.509704	0.8954631
348.8	1	1.817004	1.514049	0.8982989
348.88	1	1.821215	1.518404	0.9011421
348.96	1	1.825434	1.522769	0.9039926
349.04	1	1.829659	1.527144	0.9068505
349.12	1	1.833892	1.53153	0.9097158
349.2	1	1.838132	1.535925	0.9125884
349.28	1	1.84238	1.540331	0.9154685
349.36	1	1.846635	1.544746	0.9183559
349.44	1	1.850897	1.549172	0.9212508
349.52	1	1.855166	1.553609	0.9241532
349.6	1	1.859443	1.558055	0.927063
349.68	1	1.863727	1.562512	0.9299802
349.76	1	1.868018	1.566978	0.932905
349.84	1	1.872317	1.571455	0.9358373
349.92	1	1.876623	1.575943	0.938777
350	1	1.880936	1.58044	0.9417243
350.08	1	1.885256	1.584948	0.9446792
350.16	1	1.889584	1.589467	0.9476416
350.24	1	1.89392	1.593995	0.9506115
350.32	1	1.898262	1.598534	0.9535891
350.4	1	1.902612	1.603084	0.9565742
350.48	1	1.90697	1.607643	0.959567
350.56	1	1.911334	1.612213	0.9625674
350.64	1	1.915707	1.616794	0.9655754
350.72	1	1.920086	1.621385	0.9685911
350.8	1	1.924473	1.625986	0.9716145
350.88	1	1.928867	1.630598	0.9746455
350.96	1	1.933269	1.635221	0.9776842
351.04	1	1.937678	1.639854	0.9807307
351.12	1	1.942095	1.644497	0.9837849
351.2	1	1.946519	1.649151	0.9868468
351.28	1	1.95095	1.653816	0.9899164
351.36	1	1.955389	1.658491	0.9929939
351.44	1	1.959835	1.663177	0.9960791
351.52	1	1.964289	1.667873	0.9991721
351.6	1	1.968751	1.67258	1.002273
351.68	1	1.973219	1.677297	1.005382
351.76	1	1.977696	1.682026	1.008498
351.84	1	1.982179	1.686765	1.011622
351.92	1	1.98667	1.691514	1.014755
352	1	1.991169	1.696274	1.017895
352.08	1	1.995675	1.701046	1.021043
352.16	1	2.000189	1.705827	1.024199
352.24	1	2.00471	1.71062	1.027362
352.32	1	2.009239	1.715423	1.030534
352.4	1	2.013775	1.720237	1.033714
352.48	1	2.018319	1.725062	1.036902
352.56	1	2.022871	1.729898	1.040097
352.64	1	2.027429	1.734745	1.043301
352.72	1	2.031996	1.739602	1.046513
352.8	1	2.03657	1.744471	1.049732
352.88	1	2.041152	1.74935	1.05296
352.96	1	2.045741	1.75424	1.056196
353.04	1	2.050338	1.759141	1.05944
353.12	1	2.054942	1.764053	1.062692
353.2	1	2.059554	1.768976	1.065952
353.28	1	2.064174	1.77391	1.06922
353.36	1	2.068801	1.778855	1.072496
353.44	1	2.073436	1.783811	1.075781
353.52	1	2.078078	1.788778	1.079073
353.6	1	2.082728	1.793756	1.082374
353.68	1	2.087386	1.798746	1.085683
353.76	1	2.092051	1.803746	1.089
353.84	1	2.096725	1.808757	1.092325
353.92	1	2.101405	1.81378	1.095659
354	1	2.106094	1.818813	1.099001
354.08	1	2.11079	1.823858	1.102351
354.16	1	2.115493	1.828914	1.105709
354.24	1	2.120205	1.833981	1.109076
354.32	1	2.124924	1.83906	1.112451
354.4	1	2.129651	1.844149	1.115834
354.48	1	2.134385	1.84925	1.119226
354.56	1	2.139127	1.854362	1.122626
354.64	1	2.143877	1.859485	1.126034
354.72	1	2.148635	1.86462	1.129451
354.8	1	2.1534	1.869766	1.132876
354.88	1	2.158174	1.874923	1.136309
354.96	1	2.162954	1.880092	1.139751
355.04	1	2.167743	1.885272	1.143202
355.12	1	2.172539	1.890463	1.14666
355.2	1	2.177344	1.895666	1.150128
355.28	1	2.182156	1.90088	1.153603
355.36	1	2.186975	1.906106	1.157088
355.44	1	2.191803	1.911343	1.16058
355.52	1	2.196638	1.916592	1.164081
355.6	1	2.201481	1.921852	1.167591
355.68	1	2.206332	1.927123	1.17111
355.76	1	2.211191	1.932406	1.174637
355.84	1	2.216057	1.937701	1.178172
355.92	1	2.220932	1.943007	1.181716
356	1	2.225814	1.948325	1.185269
356.08	1	2.230704	1.953654	1.18883
356.16	1	2.235602	1.958995	1.1924
356.24	1	2.240507	1.964347	1.195979
356.32	1	2.245421	1.969711	1.199566
356.4	1	2.250342	1.975087	1.203162
356.48	1	2.255272	1.980475	1.206767
356.56	1	2.260209	1.985874	1.21038
356.64	1	2.265154	1.991285	1.214002
356.72	1	2.270107	1.996707	1.217633
356.8	1	2.275068	2.002142	1.221273
356.88	1	2.280037	2.007588	1.224921
356.96	1	2.285013	2.013046	1.228578
357.04	1	2.289998	2.018516	1.232244
357.12	1	2.29499	2.023997	1.235919
357.2	1	2.299991	2.029491	1.239603
357.28	1	2.304999	2.034996	1.243295
357.36	1	2.310015	2.040513	1.246997
357.44	1	2.31504	2.046042	1.250707
357.52	1	2.320072	2.051583	1.254426
357.6	1	2.325112	2.057136	1.258154
357.68	1	2.33016	2.0627	1.261891
357.76	1	2.335216	2.068277	1.265637
357.84	1	2.34028	2.073866	1.269392
357.92	1	2.345352	2.079466	1.273156
358	1	2.350433	2.085079	1.276929
358.08	1	2.355521	2.090704	1.280711
358.16	1	2.360617	2.096341	1.284501
358.24	1	2.365721	2.101989	1.288301
358.32	1	2.370833	2.10765	1.29211
358.4	1	2.375953	2.113323	1.295928
358.48	1	2.381081	2.119008	1.299755
358.56	1	2.386217	2.124706	1.303591
358.64	1	2.391362	2.130415	1.307437
358.72	1	2.396514	2.136137	1.311291
358.8	1	2.401674	2.14187	1.315155
358.88	1	2.406843	2.147616	1.319027
358.96	1	2.412019	2.153375	1.322909
359.04	1	2.417204	2.159145	1.3268
359.12	1	2.422396	2.164928	1.330701
359.2	1	2.427597	2.170723	1.33461
359.28	1	2.432806	2.17653	1.338529
359.36	1	2.438023	2.18235	1.342457
359.44	1	2.443248	2.188181	1.346394
359.52	1	2.448481	2.194026	1.35034
359.6	1	2.453722	2.199882	1.354296
359.68	1	2.458972	2.205751	1.358261
359.76	1	2.464229	2.211633	1.362235
359.84	1	2.469495	2.217527	1.366219
359.92	1	2.474769	2.223433	1.370212
360	1	2.48005	2.229352	1.374215